sbt_partnumber,sbt_title,sbt_retailcost,sbt_dealercost
10-223B,"Trailer Ball Cover, Black",5.5,3.3
10-223BU,"Trailer Ball Cover, Blue",5.5,3.3
10-223R,"Trailer Ball Cover, Red",5.5,3.3
10-223Y,"Trailer Ball Cover, Yellow",5.5,3.3
10-230,"Coupler- 1-7/8"" Ball x 3"" Channel, 2000 lb capacity",17.1,10.25
10-392,"License Holder, Plastic",3.3,1.95
10-397,"Vechicle End Connector, Female",5.6,3.35
108BT021,Yellow Vinyl,21.95,15.35
108BT022,Dark Green Vinyl,21.95,15.35
108BT023,Red Vinyl,21.95,15.35
108BT024,Burgundy Vinyl,21.95,15.35
108BT025,Deep Blue Vinyl,21.95,15.35
108BT026,White Vinyl,21.95,15.35
108BT027,Lime Green Vinyl,21.95,15.35
108BT028,Teal Vinyl,21.95,15.35
108BT029,Gray Vinyl,21.95,15.35
108BT030,Dark Gray Vinyl,68.299875,45.5
108BT031,Purple Vinyl,21.95,15.35
108BT032,Black Vinyl,21.95,15.35
108BT033,Orange Vinyl,21.95,15.35
108BT034,Royal Blue Vinyl,21.95,15.35
108BT035,Carbon Fiber Silver,21.95,15.35
108BT036,Carbon Fiber Dark Gray,21.95,15.35
108BT037,Carbon Fiber Black,21.95,15.35
108BT038,Carbon Fiber Red,21.95,15.35
108BT039,Carbon Fiber Copper,21.95,15.35
108BT040,Carbon Fiber Purple,21.95,15.35
108BT041,Carbon Fiber White,21.95,15.35
108BT042,Carbon Fiber Blue,21.95,15.35
108BT043,Carbon Fiber Yellow,21.95,15.35
108BT044,Medium Green Vinyl,21.95,15.35
108BT045,Baja Tan Vinyl,21.95,15.35
108BT046,Royal Red Vinyl,21.95,15.35
108BT100-P-1,Sea-Doo 91-92 XP/ 89-93 SP/ 93 SPX All Purple,82.95,57.95
108BT100-P-2,Sea-Doo 91-92 XP/ 89-93 SP/ 93 SPX Yellow Royal Blue,82.95,57.95
108BT100-P-3,Sea-Doo 91-92 XP/ 89-93 SP/ 93 SPX Teal Purple,82.95,57.95
108BT102-P-1,Sea-Doo GT Fam 90-95 GTI 96 GTS 96-00 Yellow LT Gray,106.95,74.85
108BT102-P-2,Sea-Doo GT Fam 90-95 GTI 96 GTS 96-00 Purple Lt Gray,106.95,74.85
108BT102-P-3,Sea-Doo GT Fam 90-95 GTI 96 GTS 96-00 Teal LT Gray,106.95,74.85
108BT102-P-4,Sea-Doo GT Fam 90-95 GTI 96 GTS 96-00 All Purple,106.95,74.85
108BT102-P-5,Sea-Doo GT Fam 90-95 GTI 96 GTS 96-00 Royal Blue,106.95,74.85
108BT102-P-6,Sea-Doo GT Family 90-95 GTI 96 GTS 96-00 All Teal,106.95,74.85
108BT103-P-1,Sea-Doo 90-91 GT/92-95 GTX/92-00 GTS/96 GTI All Yellow,143.95,99.95
108BT103-P-2,Sea-Doo 90-91 GT/92-95 GTX/92-00 GTS/96 GTI All Purple,143.95,99.95
108BT103-P-3,Sea-Doo 90-91 GT/92-95 GTX/92-00 GTS/96 GTI All Teal,143.95,99.95
108BT103-P-4,Sea-Doo 90-91 GT/92-95 GTX/92-00 GTS/96 GTI All Teal,138.95,97.25
108BT104,Sea-Doo GTX (96-99) GTI (97-00) SEAT COVER,198.95,139.25
108BT104-P-1,Sea-Doo GTX 96-99 GTI 97-00 DK Green/Lt Gray,143.95,99.95
108BT104-P-2,Sea-Doo GTX 96-99 GTI 97-00 Yellow Black,143.95,99.95
108BT104-P-3,Sea-Doo GTX 96-99 GT 97-00 Purple Dk Gray,143.95,99.95
108BT104-P-4,Sea-Doo GTX 96-99 GTI 97-00 Burgandy/White,143.95,99.95
108BT104-P-5,Sea-Doo GTX 96-99 GTI 97-00 Blue Gray Royal,143.95,99.95
108BT105-P-1,Sea-Doo GTX 00-02 Deep Blue Light Gray,143.95,99.95
108BT105-P-2,Sea-Doo GTX 00-02 Red Dark Gray,143.95,99.95
108BT105-P-3,Sea-Doo GTX 00-02 Yellow Gray,143.95,99.95
108BT106,Sea-Doo GTI (01-05) / GTS (01) SEAT COVER,175.95,123.15
108BT106-P-1,Sea-Doo GTI 01-05 / 01 GTS Green/Black,143.95,99.95
108BT106-P-2,Sea-Doo GTI 01-05 / GTS 01 Purple/Black,143.95,99.95
108BT106-P-3,Sea-Doo GTI 01-05 / GTS 01 Tan/Black,143.95,99.95
108BT106-P-4,Sea-Doo GTI 01-05 / GTS 01 Black/White,143.95,99.95
108BT106-P-5,Sea-Doo GTI 01-05 / GTS 01 Royal Blue/Black,143.95,99.95
108BT107-P-1,Sea-Doo GTI 06-08 Yellow Light Gray Black,106.95,74.85
108BT107-P-2,Sea-Doo GTI 06-08 - Light Gray Black,106.95,74.85
108BT107-P-3,Sea-Doo GTI 06-08 -Red Black Light Gray,106.95,74.85
108BT107-P-4,Sea-Doo GTI 06-08 -All Yellow,106.95,74.85
108BT108-P-1,Sea-Doo XP 93-96 SP Family 94-99 Purple Black,109.95,76.95
108BT108-P-2,Sea-Doo XP 93-96 SP Family 94-99-Yellow Black White,109.95,76.95
108BT108-P-3,Sea-Doo XP 93-96 SP Family 94-99 - Green Light Gray,109.95,76.95
108BT108-P-4,Sea-Doo XP 93-96 SP Family 94-99 -Black White,109.95,76.95
108BT110-P-1,Sea-Doo GS / GSX - Red Dark Gray,99.95,69.95
108BT110-P-2,Sea-Doo GS / GSX - Purple Dark Gray,99.95,69.95
108BT110-P-3,Sea-Doo GS / GSX - BLUE Yellow,99.95,69.95
108BT110-P-4,Sea-Doo GS / GSX - Yellow Yellow,99.95,69.95
108BT110-P-5,Sea-Doo GS / GSX - Red Red,99.95,69.95
108BT110-P-6,Sea-Doo GS / GSX -  Deep Blue / Deep Blue,99.95,69.95
108BT111,"Sea-Doo 97-04 XP, XP Ltd., XP DI",141.95,99.35
108BT111-P-1,Sea-Doo XP 97-04 -Red Dark Gray Light GRA,109.95,76.95
108BT111-P-2,Sea-Doo XP 97-04 -Yellow Black Light Gray,109.95,76.95
108BT111-P-3,Sea-Doo XP 97-04 -Gray Black Dark Gray Gray,109.95,76.95
108BT113-P-1,Sea-Doo 00-02 RX RX DI-Red Gray Black,109.95,76.95
108BT113-P-2,Sea-Doo 00-02 RX RX DI - All Gray,109.95,76.95
108BT113-P-3,Sea-Doo 00-02 RX RX DI - Black Yellow Gray,109.95,76.95
108BT113-P-4,Sea-Doo 00-02 RX RX DI - Gray Royal Blue,109.95,76.95
108BT114-P-1,Sea-Doo 95-97 HX - Gray Black Gray,106.95,74.85
108BT114-P-2,Sea-Doo 95-97 HX - Yellow Black,106.95,74.85
108BT115-P-1,Sea-Doo GTX 03-08 GTX 4-Tec 02 GTX DI 02 Gray/Black,158.95,110.95
108BT115-P-2,Sea-Doo GTX 03-08 GTX 4-Tec 02 GTX DI 02 White/Red,158.95,110.95
108BT115-P-3,Sea-Doo GTX 03-08 GTX 4-Tec 02 GTX DI 02 Gry/Deep Blu,158.95,110.95
108BT115-P-4,Sea-Doo GTX 03-08 GTX 4-Tec 02 GTX DI 02 Black Red,158.95,110.95
108BT115-P-5,Sea-Doo GTX 03-08 GTX 4-Tec 02 GTX DI 02 Dk Gray/Dark Red,158.95,110.95
108BT115-P-6,Sea-Doo GTX 03-08 GTX 4-Tec 02 GTX DI 02 Black Yellow,158.95,110.95
108BT115-P-7,Sea-Doo GTX 03-08 GTX 4-Tec 02 GTX DI 02 All Black,158.95,110.95
108BT115-P-8,Sea-Doo GTX 03-08 GTX 4-Tec 02 GTX DI 02 All Gray,158.95,110.95
108BT115-P-9,Sea-Doo GTX 03-08 GTX 4-Tec 02 GTX DI 02 Dk Gray/Gray,158.95,110.95
108BT116-P-1,Sea-Doo 07-09 GTX RXT Wake - Gray Black Gray,158.95,110.95
108BT116-P-2,Sea-Doo 07-09 GTX RXT Wake  Royal Blue Gray,158.95,110.95
108BT117-P-1,Sea-Doo 04-08 RXP - All Black,143.95,99.95
108BT117-P-2,Sea-Doo 04-08 RXP - Black Gray Dark Gray,143.95,99.95
108BT117-P-3,Sea-Doo 04-08 RXP - Yellow Black,143.95,99.95
108BT117-P-4,Sea-Doo 04-08 RXP - White Red Black,143.95,99.95
108BT118-P-1,Sea-Doo 08-09 RXP-X - Dark Gray Gray,143.95,99.95
108BT120-P-1,Sea-Doo XP 93-96/SP Fam 94-99 Touring-Gray/ Dark Gray/Black,109.95,76.95
108BT121-P-1,Sea-Doo RXP-X 2008-2011 - Gray Black,143.95,99.95
108BT122-P-1,Sea-Doo RXP-X 260 - All Black,158.95,110.95
108BT122-P-2,Sea-Doo RXP-X 260 - Red Black,158.95,110.95
108BT124-P-1,Sea-Doo GTI Rental 130/SE/155 09-2010 Deep Blue/Gray,206.95,144.85
108BT124-P-2,Sea-Doo GT Rental 130/SE 130/SE 155 2009-2010 Dk Red,206.95,144.85
108BT124-P-3,Sea-Doo GTI Rental 130/SE/155 09-2010 Gray/White/Black/Oran,206.95,144.85
108BT125,Sea-Doo RXT/RXT-X 2016-2017,224.95,157.45
108BT126-P-1,Sea-Doo RXT IS/GTX IS 2009-2012 - Black Red,206.95,144.85
108BT126-P-2,Sea-Doo RXT IS/GTX IS 2009-2012 - Gray Black,206.95,144.85
108BT126-P-3,Sea-Doo RXT IS/GTX IS 2009-2012-Yellow Gray Black,206.95,144.85
108BT127-P-1,Sea-Doo 11-12 GTI/GTR 11-12 Wake 12 Dark Gray/Red,158.95,110.95
108BT127-P-2,Sea-Doo 11-12 GTI/GTR 11-12 Wake 12 Gray/Lime Green,158.95,110.95
108BT127-P-3,Sea-Doo 11-12 GTI/GTR 11-12 Wake 12 Gray/White/Orange,158.95,110.95
108BT127-P-4,Sea-Doo 11-12 GTI/Wake GTR 215 11-15 Black/Gray/White,158.95,110.95
108BT128-P-1,Sea-Doo Wake Pro 215 Gray/Red White Black *NOT 4 SALE*,158.95,110.95
108BT128-P-2,Sea-Doo Wake Pro 215 2011-2015 Gray Black White *NOT 4 SALE,158.95,110.95
108BT129-P-1,Sea-Doo Spark 2014-2017 2 Pass only - All Black,82.95,57.95
108BT129-P-2,Sea-Doo Spark 2014-2017 2 Pass only - All White,82.95,57.95
108BT129-P-3,Sea-Doo Spark 2014-2017 2 Pass only - Black Gray,82.95,57.95
108BT129-P-4,Sea-Doo Spark 2014-2017 2 Pass only - Black Red,82.95,57.95
108BT129-P-5,Sea-Doo Spark 2014-2017 2 Pass only - Black Yellow,82.95,57.95
108BT129-P-6,Sea-Doo Spark 2014-2017 2 Pass - Black Lime Green,82.95,57.95
108BT129-P-7,Sea-Doo Spark 2014-2017 2 Pass only - Black Orange,82.95,57.95
108BT130-P-1,Sea-Doo Spark 2014-2017 3 Pass only - All Black,99.95,69.95
108BT130-P-2,Sea-Doo Spark 2014-2017 3 Pass only - All White,99.95,69.95
108BT130-P-3,Sea-Doo Spark 2014-2017 3 Pass only - Black Gray,99.95,69.95
108BT130-P-4,Sea-Doo Spark 2014-2017 3 Pass only - Black Red,99.95,69.95
108BT130-P-5,Sea-Doo Spark 2014-2017 3 Pass only - Black Yellow,99.95,69.95
108BT130-P-6,Sea-Doo Spark 2014-2017 3 Pass only - Blac,99.95,69.95
108BT130-P-7,Sea-Doo Spark 2014-2017 3 Pass only - Black Orange,99.95,69.95
108BT131-P-1,Sea-Doo 2012 GTX 215 - Dark Red Dark Gray,158.95,110.95
108BT131-P-2,Sea-Doo 2012 GTX 215 - White Black,158.95,110.95
108BT131-P-3,Sea-Doo 2012 GTX 215 - Gold  *NOT 4 SALE*,158.95,110.95
108BT133-P-1,Sea-Doo GTX LTD iS GTX iS 11-15 - All White,158.95,110.95
108BT133-P-2,Sea-Doo GTX LTD iS GTX iS 11-15 Dark Gray/Gray,158.95,110.95
108BT133-P-3,Sea-Doo GTX LTD iS GTX iS 11-15 - Dark Gray/Red,158.95,110.95
108BT134-P-1,Sea-Doo GTI 130/GTS 130 2011-2016 - Gray White Orange,158.95,110.95
108BT134-P-2,Sea-Doo GTI 130/GTS 130 2011-2016 - Gray White Lime Gr,158.95,110.95
108BT134-P-3,Sea-Doo GTI 130/GTS 130 2011-2016 - Gray Red Black,158.95,110.95
108BT135-P-1,Sea-Doo 2016-2017 GTX All Dark Gray,158.95,110.95
108BT135-P-2,Sea-Doo 2016-2017 GTX All - Dark Gray Black,158.95,110.95
108BT136,"Sea-Doo 2018-2020 GTX Limited 230/300, GTX            ",286.95,199.95
108BT137,Sea-Doo 2019-2020 FSH,278.95,195.25
108BT138,"Sea-Doo Seat Cover 2020 GTI, SE, Wake 170, GTR",283.95,198.75
108BT202-P-1,Kawasaki 86-95 X2 - All Purple,82.95,57.95
108BT202-P-2,Kawasaki 86-95 X2 - All Royal Blue,82.95,57.95
108BT202-P-3,Kawasaki 86-95 X2 - All Black,82.95,57.95
108BT203-P-1,Kawasaki 95-97 ZXI 900ZXI 1100 - Purple White,106.95,74.85
108BT203-P-2,Kawasaki 95-97 ZXI 900ZXI 1100 - Gray Black,106.95,74.85
108BT203-S-1,"Kawasaki 95-97 ZXI 900,ZXI 1100 SEAT PURP/White",86.95,60.85
108BT204,Kawasaki ZXI 1100 (98-03) SEAT + COWLING,135.95,95.15
108BT204-P-1,Kawasaki ZXI 1100 98-03 W COWLING-Black Yellow,106.95,74.85
108BT204-P-2,Kawasaki ZXI 110098-03 W COWLING-Black-Light Gray,106.95,74.85
108BT205-P-1,Kawasaki Ultra 150/ Ultra 130 DI/ Black/Black,99.95,69.95
108BT205-P-2,Kawasaki Ultra 150/ Ultra 130 DI Red/Black,99.95,69.95
108BT205-P-3,Kawasaki Ultra 150/ Ultra 130 DI Dark Gray/B,99.95,69.95
108BT206-P-1,Kawasaki Ultra 260/Ultra 300/Ultra LX Gray/Black *NOT 4 SAL,158.95,110.95
108BT207-P-1,Kawasaki Ultra 250 /Ultra LX 07-08 Black Lime Green,143.95,99.95
108BT207-P-2,Kawasaki Ultra 250 / Ultra LX 07-08 - Black Red,143.95,99.95
108BT207-P-3,Kawasaki Ultra 250 /Ultra LX 07-08 Black Royal Blue,143.95,99.95
108BT207-P-4,Kawasaki Ultra 250/Ultra LX 07-08  All Black,143.95,99.95
108BT208-P-1,Kawasaki 94-95 ST/95-97 STS/97-98 750 STX/900 STX Teal,93.95,65.75
108BT208-P-2,Kawasaki 94-95 ST/95-97 STS/ 97-98 750 STX/900 STX Gray,93.95,65.75
108BT208-P-3,Kawasaki 94-95 ST/95-97 STS/97-98 750 STX/900 STX Prpl,93.95,65.75
108BT209-P-1,Kawasaki 1100 STX 97/900 STX 99-00/900 STS 01-02 Yel/Blk,93.95,65.75
108BT209-P-2,Kawasaki 1100 STX 97/900 STX 99-00/900 STS 01-02 Red/Blk,93.95,65.75
108BT209-P-3,Kawasaki 1100 STX 97/900 STX 99-00/900 STS 01-02 DkGry/Blk,93.95,65.75
108BT210-P-1,Kawasaki 1100 STX 98-99 - Dark Gray Red,143.95,99.95
108BT210-P-2,Kawasaki 1100 STX 98-99 - Dark Gray Gray,143.95,99.95
108BT211-P-1,Kawasaki 00-02 1100 STXDi/01-02 900 STX  DK Red/Wh/Gray,143.95,99.95
108BT211-P-2,Kawasaki 00-02 1100 STXDi/01-02 900 STX All Red,143.95,99.95
108BT211-P-3,Kawasaki 00-02 1100 STXDi/01-02 900 STX All Black,143.95,99.95
108BT212-P-1,Kawasaki STX-12F & STX-15F 06-08 - Black Gray,143.95,99.95
108BT212-P-2,Kawasaki STX-12F & STX-15F 06-08 - Black Red,143.95,99.95
108BT212-P-3,Kawasaki STX-12F & STX-15F 06-08 - All Black,143.95,99.95
108BT212-P-4,Kawasaki STX-12F/STX-15F 06-08 - Black Royal Blue Gray,143.95,99.95
108BT212-P-5,Kawasaki STX-12F & STX-15F 06-08 - Black Lime Green,143.95,99.95
108BT213-P-1,1200 STXR 02-05/STX 03-05 900 STX 06 Lm/Gry/Wht/Blk,143.95,99.95
108BT213-P-2,1200 STXR 02-05/STX 03-05 900 STX 06 Red/Wht/Blk,143.95,99.95
108BT213-P-3,1200 STXR 02-05/STX 03-05 900 STX 06 Deep Blue,143.95,99.95
108BT213-P-4,1200 STXR 02-05/STX 03-05 900 STX 06 RBlu/Wht/Gry,143.95,99.95
108BT213-P-5,1200 STXR 02-05/STX 03-05 900 STX 06 Blk/Gry,143.95,99.95
108BT214,"Kawasaki 650 SX KIT (2 SIDES, DASH, 2 CORNERS)",104.95,73.45
108BT217-P-1,Kawasaki 92-97 750 SS SX XI - All Royal Blue,82.95,57.95
108BT217-P-2,Kawasaki 92-97 750 SS SX XI - All Black,82.95,57.95
108BT217-P-3,Kawasaki 92-97 750 SS SX XI - All Purple,82.95,57.95
108BT217-P-4,Kawasaki 92-97 750 SS SX XI - Dark Gray Black,82.95,57.95
108BT217-P-5,Kawasaki 92-97 750 SS SX XI - Lime Green Purple,82.95,57.95
108BT217-P-6,Kawasaki 92-97 750 SS SX XI - White Royal Blue,82.95,57.95
108BT300-P-1,92-95 SL650/93-95 SL750/96-97 SL700/780 Red/Prpl,82.95,57.95
108BT300-P-2,92-95 SL650/93-95 SL750/96-97 SL700/780 Ryl Blu/Wht,82.95,57.95
108BT300-P-3,92-95 SL650/ 93-95 SL750/ 96-97 SL700SL780 SC,82.95,57.95
108BT300-P-4,92-95 SL650/ 93-95 SL750/ 96-97 SL700/780 All Purple P,82.95,57.95
108BT301-P-1,Polaris 96-97 SL900/1050 96 SLX 780/97-99 Red/Dk Gry,82.95,57.95
108BT301-P-2,Polaris 96-97 SL900/1050 96 SLX 780/97-99 Black/Dk Gry,82.95,57.95
108BT302-P-1,Polaris96-97 Hurricane Red Yellow,82.95,57.95
108BT303-P-1,Polaris SLH 98-01/SLX 99-01/Pro 1200 00-01 Blk/Gry/Rblu,82.95,57.95
108BT303-P-2,Polaris SLH 98-01/SLX 99-01/Pro 1200 00-01 Blk/Gry/Red,82.95,57.95
108BT303-P-3,Polaris SLH 98-01/SLX 99-01/Pro 1200 00-01 Blk/Gry/Yel,82.95,57.95
108BT305-P-1,PolarisSLT 94-97/SLTX 96/SLTH 98-99 All Purple,82.95,57.95
108BT305-P-2,Polaris SLT 94-97/SLTX 96/SLTH 98-99 All Royal Blue,82.95,57.95
108BT305-P-3,Polaris SLT 94-97/SLTX 96/SLTH 98-99 All Gray Vinyl,82.95,57.95
108BT306-P-1,PolarisSLTX 97-99 / X-45 - All Purple,82.95,57.95
108BT306-P-2,PolarisSLTX 97-99 / X-45 - All Dark Red,82.95,57.95
108BT307-P-1,PolarisVirage 00-04 / Freedom 02-03 - All Gray,143.95,99.95
108BT307-P-2,PolarisVirage 00-04/Freedom 02-03 Gray Royal Blue,143.95,99.95
108BT308-P-1,PolarisGENESIS - Gray Dark Gray,143.95,99.95
108BT309-P-1,PolarisMSX - Black Light Gray Dark Gray,99.95,69.95
108BT400-P-1,Yamaha WR500/LX 88-93 Gray Dark Gray,82.95,57.95
108BT400-P-2,Yamaha WR500/LX 88-93 Red,82.95,57.95
108BT400-P-3,Yamaha WR500/LX 88-93 Teal White,82.95,57.95
108BT401-P-1,Yamaha 99-04 SUV - Dark Gray Gray,143.95,99.95
108BT401-P-2,Yamaha 99-04 SUV - Gray Royal Blue,143.95,99.95
108BT401-P-3,Yamaha 99-04 SUV - Burgundy White,143.95,99.95
108BT402-P-1,Yamaha WR III 1990-1997- Purple,82.95,57.95
108BT402-P-2,Yamaha WR III 1990-1997 - Yellow Purple,82.95,57.95
108BT402-P-3,Yamaha WR III 1990-1997 - Gray Deep Blue,82.95,57.95
108BT402-P-4,Yamaha WR III 1990-1997 - Gray Burgundy,82.95,57.95
108BT402-P-5,Yamaha WR III 1990-1997 - White Black,82.95,57.95
108BT403-P-1,Yamaha Wave Blaster I 700 93-96 - Black Dark Gray,99.95,69.95
108BT403-P-2,Yamaha Wave Blaster I 700 93-96 - All Yellow,99.95,69.95
108BT403-P-3,Yamaha Wave Blaster I 700 93-96 - Royal Blue White,99.95,69.95
108BT403-P-4,Yamaha Wave Blaster I 700 93-96 - Black Red,99.95,69.95
108BT404-P-1,Yamaha Wave Blaster II 760 96-97 - Yellow Purple,99.95,69.95
108BT404-P-2,Yamaha Wave Blaster II 760 96-97 - All Yellow,99.95,69.95
108BT404-P-3,Yamaha Wave Blaster II 760 96-97 - Black Yellow,99.95,69.95
108BT408-P-1,Yam WRaider 94-95 1100 95-96/760 96 Yellow/Purple,82.95,57.95
108BT408-P-2,Yam WRaider 94-95 1100 95-96/760 96 Red/Purple,82.95,57.95
108BT408-P-3,Yam WRaider 94-95 1100 95-96/760 96 Teal/Purple,82.95,57.95
108BT408-P-4,Yam WRaider 94-95/1100 95-96/760 96 All Teal,82.95,57.95
108BT408-P-5,Yam WRaider 94-95/1100 95-96/ 760 96 - All Yellow,82.95,57.95
108BT408-P-6,Yam WRaider 94-95/1100 95-96/ 760 96 - Ryl Blu/Blk,82.95,57.95
108BT409-P-1,Yamaha 91-95 VXR VXR Pro - All Yellow,82.95,57.95
108BT409-P-2,Yamaha 91-95 VXR VXR Pro - All White,82.95,57.95
108BT409-P-3,Yamaha 91-95 VXR VXR Pro - All Gray     ,82.95,57.95
108BT410-P-1,Yamaha Venture 94-96 - Purple TEAL,109.95,76.95
108BT410-P-2,Yamaha Venture 94-96 - Red White,109.95,76.95
108BT411,Yamaha WAVEVenture (97-98) SEAT COVER,149.95,104.95
108BT411-P-1,Yamaha Venture 97-98 - All Purple,109.95,76.95
108BT411-P-2,Yamaha Venture 97-98 - Purple Teal,109.95,76.95
108BT411-P-3,Yamaha Venture 97-98 - Purple Red,109.95,76.95
108BT412-P-1,Yam XL1200 98/XL 700&760 98-04-Royal Bl/Light Gray,143.95,99.95
108BT412-P-2,Yam XL 1200 98/XL 700 & 760 98-04 Dark Gray Black,143.95,99.95
108BT412-P-3,Yam XL 1200 98/XL 700 & 760 98-04 Yellow Dark Gray,143.95,99.95
108BT412-P-4,Yam XL 1200 98/XL 700 & 760 98-04 Burgundy White,143.95,99.95
108BT413-P-1,Yam XL 1200 Ltd. 99-00 / XL 800 00-01 - Gray Black,143.95,99.95
108BT413-P-2,Yam XL 1200 Ltd. 99-00 / XL 800 00-01 - All Black,143.95,99.95
108BT413-P-3,Yam XL 1200 Ltd. 99-00/XL 800 00-01 All Dark Gray,143.95,99.95
108BT413-P-4,Yam XL 1200 Ltd. 99-00/XL 800 00-01 Burg/Gray,143.95,99.95
108BT413-P-5,Yam XL 1200 Ltd. 99-00 / XL 800 00-01 - Dark Green,143.95,99.95
108BT414-P-1,Yamaha XL 1200 01-04/XLT 800 02-04 Dk Gray Black,152.95,106.95
108BT414-P-2,Yam XL 1200 01-04/XLT 800 02-04 Deep Blue Dk Gry,152.95,106.95
108BT415-P-1,Yam GP760/800 To 2000/GP1200 97-98 GP12 Yellow/Blk,117.95,82.55
108BT415-P-2,Yam GP760/800 To 2000/GP1200 97-98 Burg/Dk Gry,117.95,82.55
108BT415-P-3,Yam GP760/800 To 2000/GP1200 97-98 Deep Blue/Wht,117.95,82.55
108BT415-P-4,Yam GP760/800 To 2000/GP1200 97-98 GP12 Red/Blk,117.95,82.55
108BT415-P-5,Yam GP760/800 To 2000/GP1200 97-98/GP12 All Gray,117.95,82.55
108BT416-P-1,Yam.GP1200R 00-02 GP800 01-02 DkGray/Black/Gray,117.95,82.55
108BT416-P-3,Yam GP 1200R 00-02 GP800R 01-02Deep Blue/Dk. Gray,117.95,82.55
108BT416-P-4,Yamaha GP1200R 00-02 GP800 01-02 - All Dark Gray,117.95,82.55
108BT417-P-1,Yamaha GP 800 03-04 / GP 1300 03-08 - All Black,117.95,82.55
108BT417-P-2,Yamaha GP 800 03-04 / GP 1300 03-08 - All Red,117.95,82.55
108BT417-P-3,Yam GP 800 03-04 / GP 1300 03-08 - Black Deep Blue,117.95,82.55
108BT417-P-4,Yamaha GP 800 03-04 / GP 1300 03-08 - Red Black,117.95,82.55
108BT417-P-5,Yam GP800 03-04 /GP1300 03-08 Deep Blue Orange,117.95,82.55
108BT418-P-1,Yamaha 02-08 FX non Cruiser Gray/Black,169.95,118.95
108BT418-P-2,Yamaha 02-08 FX non Cruiser Gray/Red,169.95,118.95
108BT418-P-3,Yamaha 02-08 FX non Cruiser - All Gray,169.95,118.95
108BT418-P-4,Yamaha 02-08 FX non Cruiser - Deep Blue Yellow,169.95,118.95
108BT418-P-5,Yamaha 02-08 FX non Cruiser - Deep Blue Gray,169.95,118.95
108BT418-P-6,Yamaha 02-08 FX non Cruiser - Gray Red Black,169.95,118.95
108BT419-P-1,Yamaha 08-10 FX SHO - All Gray,169.95,118.95
108BT419-P-2,Yamaha 08-10 FX SHO - Dark Gray Black,169.95,118.95
108BT420-P-1,Yamaha 08-10 FX SHO Cruiser - Dark Gray Gray,176.95,123.85
108BT420-P-2,Yamaha 08-10 FX SHO Cruiser - All Gray,176.95,123.85
108BT421-P-1,Yamaha FX Cruiser 03-04 - All Gray,169.95,118.95
108BT421-P-2,Yamaha FX Cruiser 03-04 - All Royal Blue,169.95,118.95
108BT421-P-3,Yamaha FX Cruiser 03-04 - All Black,169.95,118.95
108BT422-P-1,Yam FX Cruiser/Cruiser HO 05-08 not SHO - All Gray,176.95,123.85
108BT422-P-2,Yam FX Crus/Crus HO 05-08 no SHO  Gray/Black,176.95,123.85
108BT422-P-3,Yam FX Crus/Crus HO 05-08 no SHO  Dark Gray/Red,176.95,123.85
108BT422-P-4,Yam FX Crus/Crus HO 05-08 no SHO  Gray/Deep Blue,176.95,123.85
108BT423-P-1,Yamaha VX 05-09 - Light Gray BLUE,143.95,99.95
108BT423-P-2,Yamaha VX 05-09 - Light Gray Red,143.95,99.95
108BT423-P-3,Yamaha VX 05-09 - Gray Deep Blue,143.95,99.95
108BT423-P-4,Yamaha VX 05-09 - All Gray,143.95,99.95
108BT424-P-1,Yamaha FZR 09-10 - Gray Black Dark Gray,169.95,118.95
108BT424-P-2,Yamaha FZR 09-10 - All Gray,169.95,118.95
108BT424-P-3,Yamaha FZR 09-10 - Dark Gray Black,169.95,118.95
108BT425-P-1,Yamaha FZS 09-10 - Dark Gray Black,169.95,118.95
108BT426-P-1,Yamaha VX Cruiser 2006-2009 - All Gray,176.95,123.85
108BT426-P-2,Yamaha VX Cruiser 2006-2009 - All Tan,176.95,123.85
108BT426-P-3,Yamaha VX Cruiser 2006-2009 - Gray Black,176.95,123.85
108BT426-P-4,Yamaha VX Cruiser 2006-2009 - Red Dark Gray Black,176.95,123.85
108BT427-P-1,Yamaha 2011-2012 VXR - Black Dark Gray,152.95,106.95
108BT427-P-2,Yamaha 2011-2012 VXR - Gray Dark Gray,152.95,106.95
108BT428-P-1,Yamaha 2011-2014 VXS - Dark Gray/Red,158.95,110.95
108BT428-P-2,Yamaha 2011-2014 VXS - Dark Gray Deep Blue,158.95,110.95
108BT428-P-3,Yamaha 2011-2014 VXS - All Dark Gray,158.95,110.95
108BT428-P-4,Yamaha 2011-2014 VXS - All Gray,158.95,110.95
108BT429-P-1,Yamaha VX Cruiser 2010-2014 - All Gray,176.95,123.85
108BT430-P-1,Yam FX HO/SHO/SVHO 12-16  Gray/Dark Gray,169.95,118.95
108BT430-P-2,Yam FX HO / SHO / SVHO 2012-2016 - Gray Royal Blue,169.95,118.95
108BT430-P-3,Yamaha FX HO / SHO / SVHO 2012-2016 - Gray Red,169.95,118.95
108BT431-P-1,Yam 2012-2013 FX Crus HO FX Crus SHO All Gray,176.95,123.85
108BT431-P-2,Yam 2012-2013 FX Crus HO FX Crus SHO Gray/DK Gry,176.95,123.85
108BT432-P-1,Yamaha 2012-2016 FZR WR - All Black,169.95,118.95
108BT432-P-2,Yamaha 2012-2016 FZR WR - Gray Dark Gray,169.95,118.95
108BT432-P-3,Yamaha 2012-2016 FZR WR - White Red Black,169.95,118.95
108BT432-P-4,Yamaha 2012-2016 FZR WR - Gray Deep Blue,169.95,118.95
108BT433-P-1,Yamaha 2015-2016 VX Cruiser - White Black,176.95,123.85
108BT433-P-2,Yamaha 2015-2016 VX Cruiser - Black Dark Gray,176.95,123.85
108BT433-P-3,Yamaha 2015-2016 VX Cruiser - Gray Black,176.95,123.85
108BT434-P-1,Yamaha 2015-2016 VXR Black White,176.95,123.85
108BT434-P-2,Yam 2015-2016 VXR Black Lime Green,176.95,123.85
108BT434-P-3,Yamaha 2015-2016 VXR Black Orange,176.95,123.85
108BT435-P-1,Yamaha 2015-2016 VXS VX VX DLX - All Gray,169.95,118.95
108BT435-P-2,Yamaha 2015-2016 VXS VX VX DLX -Dark Gray White,169.95,118.95
108BT436-P-1,Yam 14-17 FX Crui/Crui HO/Crui SVHO Gry/Dk Gry,174.95,121.95
108BT436-P-2,Yam 14-17 FX Crui/Crui HO/Crui SVHO Blk/Red,176.95,123.85
108BT437,"Yamaha EX, EX Sport, EX Deluxe Custom Seat Cover",134.95,94.45
108BT600-P-1,Honda 00-07 F-12 / F-12X - Black Red,117.95,82.55
108BT600-P-2,Honda 00-07 F-12 / F-12X - Black Royal Blue,117.95,82.55
108BT601-P-1,Honda 03-07 R12 / R12X - All Black,109.95,76.95
108BT601-P-2,Honda 03-07 R12 / R12X - All Red,109.95,76.95
108BT602-P-1,Honda 2008- F15X - All Gray,143.95,99.95
108BT603,Honda F15-X SEAT COVER,93.45,65.4
108BT604,Tigershark Monte Carlo (96) Seat Cover,93.45,65.4
111CS800-NONTOWER C,"Sea-Doo, Utopia 2001-05 Non Tower Charcoal",744.95,670.75
111CS801-NONTOWER C,"Sea-Doo, 2005-06 Challenger 180 Non Tower Charcoal",858.95,772.95
111CS801-TOWER C,"Sea-Doo, 2005-06 Challenger 180 Tower Charcoal",906.95,816.65
111CS802-TOWER B,"Sea-Doo, Challenger, Wake, SP 230 2007-10 Tower Black",741.95,666.65
111CS803-NONTOWER C,"Sea-Doo, Challenger, SP 180 2011-12 Non Tower Charcoal",599.95,535.65
111CS803-TOWER C,"Sea-Doo, Challenger, SP 180 2011-12 Tower Charcoal",623.95,568.95
111CS804-NONTOWER LG,"Sea-Doo, Challenger 1800 1997-04 Non Tower Light Grey",599.95,535.65
111CS805-TOWER C,"Sea-Doo, SP, Wake 210 2011-12 Tower Charcoal",623.95,568.95
111CS806-NONTOWER C,"Sea-Doo, Challenger, SP, Wake 230 2011-12 Charcoal",676.95,578.95
111CS806-TOWER C,"Sea-Doo, Challenger, SP Wake 230 2011-12 Charcoal",709.95,638.95
111CS807-TOWER B,"Sea-Doo, Wake 230 SE 2010 Tower Black",741.95,666.65
111CS808-NONTOWER N,"Sea-Doo, Challenger 2000 2000-04 Non Tower Navy",741.95,666.65
111CS809-NONTOWER C,"Sea-Doo, X-20 2002, Challenger X 2003-05 Charcoal",672.95,606.35
111CS810-NONTOWER C,"Sea-Doo, Islandia 2000-09 Non Tower Charcoal",741.95,666.65
111CS811-NONTOWER C,"Sea-Doo, Utopia 2002-05 Non Tower Charcoal",599.95,535.65
111CS812-NONTOWER C,"Sea-Doo, Challenger CS, 180 2006-10 Non Tower Charcoal",642.95,587.95
111CS812-TOWER C,"Sea-Doo, Challenger CS, 180 2006-10 Tower Charcoal",654.95,599.95
111CS813-NONTOWER C,"Sea-Doo, Utopia 2006-09 Non Tower Charcoal",599.95,535.65
111CS813-TOWER C,"Sea-Doo, Utopia 2006-09 Tower Charcoal",642.95,587.95
111CS814-NONTOWER C,Sea-Doo Challenger 230 2007-10 Non Tower Charcoal,826.95,744.2
111CS814-TOWER,Sea-Doo Challenger 230 2007-10 Tower Charcoal,868.95,781.9
111CS816-NONTOWER C,"Sea-Doo, Sporster 4 TEC 03-06, Speedster 150 07-12 Char",617.95,574.4
111CS816-TOWER C,"Sea-Doo, Sporster 4 TEC 03-06, Speedster 150 07-12 Char",812.95,731.65
111CS817-NONTOWER C,"Sea-Doo, Speedster 200, Wake 04-12 Non Tower Charcoal",642.95,587.95
111CS817-TOWER C,"Sea-Doo, Speedster 200, Wake 04-12 Tower Charcoal",654.95,599.95
111CS822-NONTOWER C,"Sea-Doo, Challenger, Wake 210 10-12 Non Tower Charcoal",642.95,587.95
111CS822-TOWER B,"Sea-Doo, Challenger, Wake 210 2010-12 Tower Black",718.95,644.75
111WS100-C,Sea-Doo 1990-91 GT/ 1996 GTI/ 1990-2000 GTS/ 1993-95 GT,196.95,137.85
111WS101-C,"Sea-Doo 2003-06 GTX/ 2002 GTX DI, GTX 4-TEC/ 2005-09 RX",196.95,137.85
111WS102-C,Sea-Doo 1996-2002 GTX (EXCEPT 2002 4-TEC),196.95,137.85
111WS103-C,"Sea-Doo 1996-2001 GS, GSX, GSX LTD., GSX RFI",196.95,137.85
111WS104-C,"Sea-Doo 1993-94 SPX/ 1993-99 SP, SPI",196.95,137.85
111WS106-C,"Sea-Doo 1997-2004 XP, XP LTD., XP DI",196.95,137.85
111WS110-C,Sea-Doo 2004-2006 RXP,196.95,137.85
111WS111,"WCSS COVER, Sea-Doo 2006-08 GTI/ GTI SE W MIRRORS",138.95,106.85
111WS111-C,"WCSS COVER, Sea-Doo 2006-08 GTI/ GTI SE W MIRRORS",199.95,168.95
111WS113-C,"Sea-Doo Cover 2011-2012 GTI, GTS, 2012 GTR",196.95,137.85
111WS114,"Sea-Doo COVER, 2011-13 GTX, 2010-13 RXT/RXT-X",138.95,106.85
111WS117-C,Sea-Doo 2000-2003 LRV,196.95,137.85
111WS118,Sea-Doo COVER 260 RXT/RXT-X/GTX LTD/GTX S,138.95,106.85
111WS118-C,Sea-Doo COVER 260 RXT/RXT-X/GTX LTD/GTX S 155,196.95,137.85
111WS119-C,"Sea-Doo Spark 2up  2014,2015, 2016",196.95,137.85
111WS120,Sea-Doo SPARK 3UP SKI COVER,138.95,106.85
111WS120-C,Sea-Doo SPARK 3UP SKI CUSTOM COVER,196.95,137.85
111WS200-C,Kawasaki 2000-03 1100 STX DI/ 2001-2003 900 STX,196.95,137.85
111WS201-C,Kawasaki 1995-97 750 ZXI/ 1995-97 900 ZXI/ 1996-2003 1,196.95,137.85
111WS202-C,Kawasaki 2004-10 STX 15F/ 2003-07 STX 12F/ 2009-10 STX,196.95,137.85
111WS203-C,Kawasaki 1987-1996 650 SX,196.95,137.85
111WS205-C,Kawasaki 2003-10 800 SX-R,196.95,137.85
111WS206-C,Kawasaki 1997-99 1100 STX/ 1999-2000 900 STX,196.95,137.85
111WS208-C,"Kawasaki Cover, 1999-2005 Ultra 150, Ultra 130",196.95,137.85
111WS212,"Kawasaki Cover, 07-08 Ultra 250/09-10 260X/11-12 300X",138.95,106.85
111WS212-C,"Kawasaki Cover, 07-08 Ultra 250/09-10 260X/11-12 300X",196.95,137.85
111WS303-C,"Polaris1998-2002 SLH, SLXH, SLX, PRO 1200",196.95,137.85
111WS401,"Yamaha COVER, 2004-05 FX 140",138.95,106.85
111WS401-C,Yamaha 2004-2005 FX 140,196.95,137.85
111WS402-C,Yamaha WAVE Venture 760,196.95,137.85
111WS403-C,Yamaha 2005 FX CRUISER HO,196.95,137.85
111WS405-C,Yamaha 2005-09 WAVE RUNNER VX110 DELUXE,196.95,137.85
111WS406-C,Yamaha 1990-97 WAVE RUNNER III,196.95,137.85
111WS407,"Yamaha COVER, 2005-09  VX110 SPORT W/O Mirrors",138.95,106.85
111WS407-C,Yamaha 2005-09 VX110 Sport W/O Mirrors,196.95,137.85
111WS408-C,Yamaha 1998-99 WAVE RUNNER XLT 760/ 1998 XL 800/ 1999-,196.95,137.85
111WS410,"Yamaha COVER, 1991-93 WAVE RUNNER LX/ 1992-95 VXR, VXR",138.95,106.85
111WS410-C,"Yamaha 1991-93 Wave Runner LX/ 1992-95 VXR, VXR Pro",196.95,137.85
111WS411,USE 111WS414,138.95,106.85
111WS412-C,"Yamaha 1994-97 WAVE RAIDER 700, 760, 1100",196.95,137.85
111WS413-C,Yamaha 2006-09 FX CRUISER/ 2006-10 FX CRUISER HO/ 2008,199.95,168.95
111WS414-C,Yamaha 2000-02 GP 1200R/ 2001-02 GP 800,196.95,137.85
111WS415,"Yamaha COVER, GP760/ 1998-00 GP 800/ GP1200/ 1997-99 G",138.95,106.85
111WS415-C,Yamaha 1997-99 GP 1200/ 1998-2000 GP 800/ 1999-2000 GP,196.95,137.85
111WS418,Yamaha Storage Cover - FX HO/SHO/Cruiser 2008-2011,138.95,106.85
111WS418-C,Yamaha Custom Storage Cover - FX HO/SHO/Cruiser 2008-2,196.95,137.85
111WS419,Yamaha COVER 2009-2013 FZR,129.95,90.95
111WS419-C,Yamaha COVER 2009-2016 FZR,199.95,168.95
111WS420,Yamaha COVER 2009-2013 FZS,129.95,90.95
111WS420-C,Yamaha COVER 2009-2013 FZS,196.95,137.85
111WS421-C,Yamaha COVER 2010-2015 VX CRUISER/DELUXE/SPORT,196.95,137.85
111WS423,Yamaha VX 2015-2017 /GP 1800  Storage Cover,138.95,106.85
111WS423-C,Yamaha VX 2015-2017 /GP 1800  Storage Cover,199.95,168.95
111WS424,Yamaha Storage Cover 2017-2018 EX Series,138.95,106.85
111WS600,"Honda COVER, 2002-08 AQUA TRAX F12/ F12X/ F12 GP SCAPE",138.95,106.85
111WS600-C,"Honda 2002-08 AQUA TRAX F-12, F-12X, F-12 GP SCAPE",196.95,137.85
111WS901,"Yamaha COVER, 99-03 LS2000/02-05 LX 2000/03-05 LS210",563.95,472.6
111WS902,"Yamaha COVER, 03-12 AR210/SR210/SX210/212SS/212X",676.95,578.95
111WS905,"Yamaha Jet Boat Storage Cover Non tower, 03-09 SR230/A",676.95,578.95
111WS913,Yamaha 190 FSH Mooring Cover Sport 2015 2016,1028.95,923.65
114WS410,2010-2014 Yamaha 242 LIMITED S BIMINI TOP,462.95,354.95
114WS411,2015 Yamaha 242 LIMITED S BIMINI TOP,462.95,354.95
114WS415,2014 Yamaha 242,462.95,354.95
114WS417,Yamaha 242 limited Bimini Top,462.95,354.95
114WS418,Yamaha BIMINI TOP,578.95,472.55
119WS001,WCSS DELUXE FOLDING ANCHOR KIT                        ,29.95,29.95
12-016,"Sea-Doo Anti-Theft Tether Cord, RF-DESS",42.94625,25.7
12-111B,"Lanyard, Sea-Doo, Black",13.95,8.3
12-111NY,"Lanyard, Sea-Doo, Neon Yellow",13.95,8.3
12-111R,"Lanyard, Sea-Doo, Red",13.95,8.3
12-111S,"Lanyard, Sea-Doo, Silver",13.95,8.3
12-111Y,"Lanyard, Sea-Doo, Yellow",13.95,8.3
12-112B,"Floating Lanyard, Sea-Doo Pro, Black",27.95,16.7
12-112R,"Floating Lanyard, Sea-Doo Pro, Red",27.95,16.7
12-113B,"Floating Whistle Lanyard, Sea-Doo Pro, Black",30.95,18.5
12-113R,"Floating Whistle Lanyard, Sea-Doo Pro, Red",30.95,18.5
12-113S,"Floating Whistle Lanyard, Sea-Doo Pro, Silver",30.95,18.5
12-113Y,"Floating Whistle Lanyard, Sea-Doo Pro, Yellow",30.95,18.5
12-114B,"Lanyard, Sea-Doo DESS, Black",39.95,23.9
12-114R,"Lanyard, Sea-Doo DESS, Red",39.95,23.9
12-114S,"Lanyard, Sea-Doo DESS, Silver",39.95,23.9
12-114Y,"Lanyard, Sea-Doo DESS, Yellow",39.95,23.9
12-115B,"Lanyard, Sea-Doo DESS Pro, Black",53.95,34.5
12-115R,"Lanyard,Sea-Doo DESS Pro, Red",53.95,34.5
12-116BB,"Wrist/Vest Lanyard, Sea-Doo Black/Black",23.95,14.65
12-116BR,"Wrist/Vest Lanyard, Sea-Doo Black/Neon Red",23.95,14.65
12-116BS,"Wrist/Vest Lanyard, Sea-Doo Black/Silver",23.95,14.65
12-116BUB,"Wrist/Vest Landyard, Sea-Doo Blue/Black",23.95,14.65
12-116PY,"Wrist/Vest Lanyard, Sea-Doo Purple/Yellow",23.95,14.65
12-116RB,"Wrist/Vest Lanyard, Sea-Doo Red/Black",23.95,14.65
12-116SB,"Wrist/Vest Lanyard, Sea-Doo Silver/Black",23.95,14.65
12-116YB,"Wrist/Vest Lanyard, Sea-Doo Yellow/Black",23.95,14.65
12-116YP,"Wrist/Vest Lanyard,Sea-Doo Yellow/Purple",23.95,14.65
12-117BB,"Wrist/Vest Lanyard, Sea-Doo DESS Black/Black",53.95,34.5
12-117BS,"Wrist/Vest Lanyard, Sea-Doo DESS Black/Silver",53.95,34.5
12-117BUB,"Wrist/Vest Lanyard, Sea-Doo DESS Blue/Black",53.95,34.5
12-117PY,"Wrist/Vest Lanyard, Sea-Doo DESS Purple/Yellow",53.95,34.5
12-117RB,"Wrist/Vest Lanyard, Sea-Doo DESS Red/Black",53.95,34.5
12-117RS,"Wrist/Vest Lanyard, Sea-Doo DESS Red/Silver",53.95,34.5
12-117SB,"Wrist/Vest Lanyard, Sea-Doo DESS Silver/Black",53.95,34.5
12-117YB,"Wrist/Vest Lanyard, Sea-Doo DESS Yellow/Black",53.95,34.5
12-121B,"Lanyard, KPTWJ, Black",12.95,7.75
12-121BU,"Lanyard, KPTWJ, Dark Blue",12.95,7.75
12-121G,"Lanyard, KPTWJ, Green",12.95,7.75
12-121NY,"Lanyard, KPTWJ, Neon Yellow",12.95,7.75
12-121R,"Lanyard, KPTWJ, Red",12.95,7.75
12-121W,"Lanyard, KPTWJ, White",12.95,7.75
12-123B,"Floating Whistle Lanyard, KPTWJ Pro, Black",27.95,16.7
12-123BU,"Floating Whistle Lanyard, KPTWJ Pro, Dark Blue",27.95,16.7
12-123G,"Floating Whistle Lanyard, KPTWJ Pro, Green",27.95,16.7
12-123R,"Floating Whistle Lanyard, KPTWJ Pro, Red",27.95,16.7
12-123W,"Floating Whistle Lanyard, KPTWJ Pro, White",27.95,16.7
12-143B,"Floating Whistle Lanyard, Yamaha Pro, Black",30.95,18.5
12-143NY,"Floating Whistle Lanyard, Yamaha Pro, Neon Yellow",30.95,18.5
12-143R,"Floating Whistle Lanyard, Yamaha Pro, Red",30.95,18.5
12-143S,"Floating Whistle Lanyard, Yamaha Pro, Silver",30.95,18.5
12-381,"Primer Line, 1/8 ""Clear 250' roll",224.95,134.9
12-390,"Fuel Line, 1/4"", 25', Clear Blue",35.95,21.5
12-420MBU,"Storage Tube, Medium, Blue",7.95,5.65
12-420MR,"Storage Tube, Medium, Red",7.95,5.65
12-420SBU,"Storage Tube, Small, Blue",6.95,5.15
12-420SR,"Storage Tube, Small, Red",6.95,5.15
12-502-30,"6"" Caster Swivel Non Brake (12mm stud)",24.95,15.95
12-502-31,"6"" Caster Swivel Brake (12mm stud)",29.65,18.45
12-800-10,"SBT Racing Hydro Shoe, size#10",29.95,18.8
12-800-11,"SBT Racing Hydro Shoe, size#11",29.95,18.8
12-800-12,"SBT Racing Hydro Shoe, size #12",29.95,18.8
12-800-13,"SBT Racing Hydro Shoe, size#13",29.95,18.8
12-800-6,"SBT Racing Hydro Shoe, size #6",29.95,18.8
12-800-7,"SBT Racing Hydro Shoe, size#7",29.95,18.8
12-800-8,"SBT Racing Hydro Shoe, size#8",29.95,18.8
12-800-9,"SBT Racing Hydro Shoe, size#9",29.95,18.8
12-810L-BLACK,"SBT Tour Coat, Black, Large",123.95,74.3
12-810M-BLACK,"SBT Tour Coat, Black, Medium",123.95,74.3
12-810S-BLACK,"SBT Tour Coat, Black, Small",123.95,74.3
12-810XL-BLACK,"SBT Tour Coat, Black, Extra Large",123.95,74.3
12-820L-WHITE,"SBT Rash Guard/Swim Shirt Long Sleeve, White, Large",32.95,19.7
12-820M-WHITE,"SBT Rash Guard/Swim Shirt Long Sleeve, White, Medium",32.95,19.7
12-820S-WHITE,"SBT Rash Guard/Swim Shirt Long Sleeve, White, Small",32.95,19.7
12-820XL-WHITE,"SBT Rash Guard/Swim Shirt Long Sleeve, White, Extra Lg",32.95,19.7
130BE124,Sea-Doo 2018 RXT 230 GTX 230/300 Wake Pro 230,205.95,144.15
130BE818INT,Sea-Doo Challenger-2000-X-20,523.95,366.75
130BE819,Sea-Doo Challenger-180-2007,724.95,507.45
130BE820,Sea-Doo Challenger-230,788.95,552.25
130BE910EXT,Yamaha JET BOAT 242 ltd/AR 240 HO/SX 240 HO/SXT 1800 2,698.95,489.25
130BE910INT,Yamaha JET BOAT 242 ltd/AR 240 HO/SX 240 HO/SXT 1800 2,869.95,608.95
130BE912,Yamaha JET BOAT 2012-2016 Yamaha AR210/SX210,1049.95,734.95
130BE912EXT,Yamaha JET BOAT 2012-2016 Yamaha AR210/SX210,349.95,244.95
130BE912INT,Yamaha JET BOAT 2012-2016 Yamaha AR210/SX210,698.95,489.25
130BE913,Yamaha JET BOAT 2012-2017 Yamaha AR195,1298.95,909.25
130BE913EXT,Yamaha JET BOAT 2012-2017 Yamaha AR195,523.95,366.75
130BE913INT,Yamaha JET BOAT 2012-2017 Yamaha AR195,1049.95,734.95
130BE914,Yamaha JET BOAT  2015-2020 Yamaha 242S/ 242SE/ 242X,1298.95,909.25
130BE914EXT,Yamaha JET BOAT 2015-2020 Yamaha 242S/ 242SE/ 242X,349.95,244.95
130BE914INT,Yamaha JET BOAT 2015-2020 Yamaha 242S/ 242SE/ 242X,1049.95,734.95
130BE915,Yamaha JET BOAT 2018-2020 AR 190/195,1298.95,909.25
130BE915EXT,Yamaha JET BOAT 2018-2020 AR 190/195,523.95,366.75
130BE915INT,Yamaha JET BOAT 2018-2020 AR 190/195,1049.95,734.95
130BE916,Yamaha JET BOAT 2018-2020 SX 190/195,1298.95,909.25
130BE916EXT,Yamaha JET BOAT 2018-2020 SX 190/195,523.95,366.75
130BE916INT,Yamaha JET BOAT 2018-2020 SX 190/195,1049.95,734.95
130BE917,Yamaha 2011-2017 SX190,1049.95,734.95
130BE917EXT,BlackTip Jetsports Elite Exterior kit for 2011-2017 Ya,349.95,244.95
130BE917INT,BlackTip Jetsports Elite Interior kit for 2011-2017 Ya,698.95,489.25
130BT005,BlackTip Jetsports Sheet Goods White Camo - Adhesive,71.95,50.35
130BT070,RED SHEET GOODS W/ ADHESIVE,104.95,73.45
130BT074,YELLOW SHEET GOODS W/ ADHESIVE,104.95,73.45
130BT101CG-BLACK,Sea-Doo GT FAMILY (90-95) GTI (96) GTS (96-00) TRACTION,104.95,73.45
130BT101CG-BLACKMARB,Sea-Doo GT FAMILY (90-95) GTI (96) GTS (96-00) TRACTION,104.95,73.45
130BT101CG-BLUEMARB,Sea-Doo GT FAMILY (90-95) GTI (96) GTS (96-00) TRACTION,104.95,73.45
130BT101CG-CHAR,Sea-Doo GT FAMILY (90-95) GTI (96) GTS (96-00) TRACTION,104.95,73.45
130BT101CG-DARKBLUE,Sea-Doo GT FAMILY (90-95) GTI (96) GTS (96-00) TRACTION,104.95,73.45
130BT101CG-LIMEGREEN,Sea-Doo GT FAMILY (90-95) GTI (96) GTS (96-00) TRACTION,104.95,73.45
130BT101CG-Military,Sea-Doo GT FAMILY (90-95) GTI (96) GTS (96-00) TRACTION,104.95,73.45
130BT101CG-ORANGE,Sea-Doo GT FAMILY (90-95) GTI (96) GTS (96-00) TRACTION,104.95,73.45
130BT101CG-PURPLMARB,Sea-Doo GT FAMILY (90-95) GTI (96) GTS (96-00) TRACTION,104.95,73.45
130BT101CG-RED,Sea-Doo GT FAMILY (90-95) GTI (96) GTS (96-00) TRACTION,104.95,73.45
130BT101CG-SLATEGRAY,Sea-Doo GT FAMILY (90-95) GTI (96) GTS (96-00) TRACTION,104.95,73.45
130BT101CG-WHITECAMO,Sea-Doo GT FAMILY (90-95) GTI (96) GTS (96-00) TRACTION,104.95,73.45
130BT101CG-WHITEGRAN,Sea-Doo GT FAMILY (90-95) GTI (96) GTS (96-00) TRACTION,104.95,73.45
130BT101CG-YELLOW,Sea-Doo GT FAMILY (90-95) GTI (96) GTS (96-00) TRACTION,104.95,73.45
130BT101DP-BLACK,Sea-Doo GT FAMILY (90-95) GTI (96) GTS (96-00) TRACTION,104.95,73.45
130BT101DP-GRAY,Sea-Doo GT FAMILY (90-95) GTI (96) GTS (96-00) TRACTION,104.95,73.45
130BT101DP-PURPLE,Sea-Doo GT FAMILY (90-95) GTI (96) GTS (96-00) TRACTION,104.95,73.45
130BT101WB-BLACK,Sea-Doo GT FAMILY (90-95) GTI (96) GTS (96-00) TRACTION,104.95,73.45
130BT101WB-BLACKMARB,Sea-Doo GT FAMILY (90-95) GTI (96) GTS (96-00) TRACTION,104.95,73.45
130BT101WB-DARKGRAY,Sea-Doo GT FAMILY (90-95) GTI (96) GTS (96-00) TRACTION,104.95,73.45
130BT101WB-GRAY,Sea-Doo GT FAMILY (90-95) GTI (96) GTS (96-00) TRACTION,104.95,73.45
130BT101WB-PURPLE,Sea-Doo GT FAMILY (90-95) GTI (96) GTS (96-00) TRACTION,104.95,73.45
130BT111CG-BLACK,Sea-Doo GTX (03-08) / GTX 4-TEC (02) / GTX DI (02) / RX,104.95,73.45
130BT111CG-BLACKMARB,Sea-Doo GTX (03-08) / GTX 4-TEC (02) / GTX DI (02) / RX,104.95,73.45
130BT111CG-BLUEMARB,Sea-Doo GTX (03-08) / GTX 4-TEC (02) / GTX DI (02) / RX,104.95,73.45
130BT111CG-CHAR,Sea-Doo GTX (03-08) / GTX 4-TEC (02) / GTX DI (02) / RX,104.95,73.45
130BT111CG-DARKBLUE,Sea-Doo GTX (03-08) / GTX 4-TEC (02) / GTX DI (02) / RX,104.95,73.45
130BT111CG-LIMEGREEN,Sea-Doo GTX (03-08) / GTX 4-TEC (02) / GTX DI (02) / RX,104.95,73.45
130BT111CG-Military,Sea-Doo GTX (03-08) / GTX 4-TEC (02) / GTX DI (02) / RX,104.95,73.45
130BT111CG-ORANGE,Sea-Doo GTX (03-08) / GTX 4-TEC (02) / GTX DI (02) / RX,104.95,73.45
130BT111CG-PURPLMARB,Sea-Doo GTX (03-08) / GTX 4-TEC (02) / GTX DI (02) / RX,104.95,73.45
130BT111CG-RED,Sea-Doo GTX (03-08) / GTX 4-TEC (02) / GTX DI (02) / RX,104.95,73.45
130BT111CG-SLATEGRAY,Sea-Doo GTX (03-08) / GTX 4-TEC (02) / GTX DI (02) / RX,104.95,73.45
130BT111CG-WHITECAMO,Sea-Doo GTX (03-08) / GTX 4-TEC (02) / GTX DI (02) / RX,104.95,73.45
130BT111CG-WHITEGRAN,Sea-Doo GTX (03-08) / GTX 4-TEC (02) / GTX DI (02) / RX,104.95,73.45
130BT111CG-YELLOW,Sea-Doo GTX (03-08) / GTX 4-TEC (02) / GTX DI (02) / RX,104.95,73.45
130BT111DP-BLACK,Sea-Doo GTX (03-08) / GTX 4-TEC (02) / GTX DI (02) / RX,104.95,73.45
130BT111DP-GRAY,Sea-Doo GTX (03-08) / GTX 4-TEC (02) / GTX DI (02) / RX,104.95,73.45
130BT111DP-PURPLE,Sea-Doo GTX (03-08) / GTX 4-TEC (02) / GTX DI (02) / RX,104.95,73.45
130BT111WB-BLACK,Sea-Doo GTX (03-08) / GTX 4-TEC (02) / GTX DI (02) / RX,104.95,73.45
130BT111WB-BLACKMARB,Sea-Doo GTX (03-08) / GTX 4-TEC (02) / GTX DI (02) / RX,104.95,73.45
130BT111WB-DARKGRAY,Sea-Doo GTX (03-08) / GTX 4-TEC (02) / GTX DI (02) / RX,104.95,73.45
130BT111WB-GRAY,Sea-Doo GTX (03-08) / GTX 4-TEC (02) / GTX DI (02) / RX,104.95,73.45
130BT111WB-PURPLE,Sea-Doo GTX (03-08) / GTX 4-TEC (02) / GTX DI (02) / RX,104.95,73.45
130BT117CG-BLACK,"Sea-Doo 2010-2013 GTX,RXT,RXT-X, Wake PRO",104.95,73.45
130BT117CG-BLACKMARB,"Sea-Doo 2010-2013 GTX,RXT,RXT-X, Wake PRO",104.95,73.45
130BT117CG-CHAR,"Sea-Doo 2010-2013 GTX,RXT,RXT-X, Wake PRO",104.95,73.45
130BT117CG-LIMEGREEN,"Sea-Doo 2010-2013 GTX,RXT,RXT-X, Wake PRO",104.95,73.45
130BT117CG-Military,"Sea-Doo 2010-2013 GTX,RXT,RXT-X, Wake PRO",104.95,73.45
130BT117CG-ORANGE,"Sea-Doo 2010-2013 GTX,RXT,RXT-X, Wake PRO",104.95,73.45
130BT117CG-RED,"Sea-Doo 2010-2013 GTX,RXT,RXT-X, Wake PRO",104.95,73.45
130BT117CG-WHITECAMO,"Sea-Doo 2010-2013 GTX,RXT,RXT-X, Wake PRO",104.95,73.45
130BT117CG-YELLOW,"Sea-Doo 2010-2013 GTX,RXT,RXT-X, Wake PRO",104.95,73.45
130BT117DP-BLACK,"Sea-Doo 2010-2013 GTX,RXT,RXT-X, Wake PRO",104.95,73.45
130BT117DP-GRAY,"Sea-Doo 2010-2013 GTX,RXT,RXT-X, Wake PRO",104.95,73.45
130BT117DP-PURPLE,"Sea-Doo 2010-2013 GTX,RXT,RXT-X, Wake PRO",104.95,73.45
130BT117WB-BLACK,"Sea-Doo 2010-2013 GTX,RXT,RXT-X, Wake PRO",104.95,73.45
130BT117WB-DARKGRAY,"Sea-Doo 2010-2013 GTX,RXT,RXT-X, Wake PRO",104.95,73.45
130BT117WB-PURPLE,"Sea-Doo 2010-2013 GTX,RXT,RXT-X, Wake PRO",104.95,73.45
130BT119CG-BLACK,Sea-Doo RXP-X 260 2012-2017,104.95,73.45
130BT119CG-CHAR,Sea-Doo RXP-X 260 2012-2017,104.95,73.45
130BT119CG-Military,Sea-Doo RXP-X 260 2012-2017,104.95,73.45
130BT119CG-ORANGE,Sea-Doo RXP-X 260 2012-2017,104.95,73.45
130BT119CG-RED,Sea-Doo RXP-X 260 2012-2017,104.95,73.45
130BT119CG-WHITECAMO,Sea-Doo RXP-X 260 2012-2017,104.95,73.45
130BT119CG-YELLOW,Sea-Doo RXP-X 260 2012-2017,104.95,73.45
130BT119DP-BLACK,Sea-Doo RXP-X 260 2012-2017,104.95,73.45
130BT119WB-BLACK,Sea-Doo RXP-X 260 2012-2017,104.95,73.45
130BT119WB-DARKGRAY,Sea-Doo RXP-X 260 2012-2017,104.95,73.45
130BT119WB-PURPLE,Sea-Doo RXP-X 260 2012-2017,104.95,73.45
130BT124CG-BLACK,Sea-Doo 2018 RXT 230 GTX 230/300 Wake Pro 230,113.95,79.75
130BT124CG-BLACKMARB,Sea-Doo 2018 RXT 230 GTX 230/300 Wake Pro 230,113.95,79.75
130BT124CG-BLUEMARB,Sea-Doo 2018 RXT 230 GTX 230/300 Wake Pro 230,113.95,79.75
130BT124CG-CHAR,Sea-Doo 2018 RXT 230 GTX 230/300 Wake Pro 230,113.95,79.75
130BT124CG-DARKBLUE,Sea-Doo 2018 RXT 230 GTX 230/300 Wake Pro 230,113.95,79.75
130BT124CG-LIMEGREEN,Sea-Doo 2018 RXT 230 GTX 230/300 Wake Pro 230,113.95,79.75
130BT124CG-Military,Sea-Doo 2018 RXT 230 GTX 230/300 Wake Pro 230,113.95,79.75
130BT124CG-ORANGE,Sea-Doo 2018 RXT 230 GTX 230/300 Wake Pro 230,113.95,79.75
130BT124CG-PURPLEMAR,Sea-Doo 2018 RXT 230 GTX 230/300 Wake Pro 230,113.95,79.75
130BT124CG-RED,Sea-Doo 2018 RXT 230 GTX 230/300 Wake Pro 230,113.95,79.75
130BT124CG-SLATEGRAY,Sea-Doo 2018 RXT 230 GTX 230/300 Wake Pro 230,113.95,79.75
130BT124CG-WHITECAMO,Sea-Doo 2018 RXT 230 GTX 230/300 Wake Pro 230,113.95,79.75
130BT124CG-WHITEGRAN,Sea-Doo 2018 RXT 230 GTX 230/300 Wake Pro 230,113.95,79.75
130BT124CG-YELLOW,Sea-Doo 2018 RXT 230 GTX 230/300 Wake Pro 230,113.95,79.75
130BT124DP-BLACK,Sea-Doo 2018 RXT 230 GTX 230/300 Wake Pro 230,113.95,79.75
130BT124DP-GRAY,Sea-Doo 2018 RXT 230 GTX 230/300 Wake Pro 230,113.95,79.75
130BT124DP-PURPLE,Sea-Doo 2018 RXT 230 GTX 230/300 Wake Pro 230,113.95,79.75
130BT124WB-BLACK,Sea-Doo 2018 RXT 230 GTX 230/300 Wake Pro 230,113.95,79.75
130BT124WB-BLACKMARB,Sea-Doo 2018 RXT 230 GTX 230/300 Wake Pro 230,113.95,79.75
130BT124WB-DARKGRAY,Sea-Doo 2018 RXT 230 GTX 230/300 Wake Pro 230,113.95,79.75
130BT124WB-GRAY,Sea-Doo 2018 RXT 230 GTX 230/300 Wake Pro 230,113.95,79.75
130BT124WB-PURPLE,Sea-Doo 2018 RXT 230 GTX 230/300 Wake Pro 230,113.95,79.75
130BT129CG-BLACK,2019-2020 GTX Ltd 300/Wake Pro 230     ,104.95,73.45
130BT129CG-Military,2019-2020 GTX Ltd 300/Wake Pro 230     ,104.95,73.45
130BT129DP-BLACK,2019-2020 GTX Ltd 300/Wake Pro 230,104.95,73.45
130BT129DP-DARKGRAY,2019-2020 GTX Ltd 300/Wake Pro 230,104.95,73.45
130BT206CG-BLACK,Kawasaki ST / STS / 750STX & 900STX (PRE 99) TRACTION,104.95,73.45
130BT206CG-BLACKMARB,Kawasaki ST / STS / 750STX & 900STX (PRE 99) TRACTION,104.95,73.45
130BT206CG-BLUEMARB,Kawasaki ST / STS / 750STX & 900STX (PRE 99) TRACTION,104.95,73.45
130BT206CG-CHAR,Kawasaki ST / STS / 750STX & 900STX (PRE 99) TRACTION,104.95,73.45
130BT206CG-DARKBLUE,Kawasaki ST / STS / 750STX & 900STX (PRE 99) TRACTION,104.95,73.45
130BT206CG-LIMEGREEN,Kawasaki ST / STS / 750STX & 900STX (PRE 99) TRACTION,104.95,73.45
130BT206CG-Military,Kawasaki ST / STS / 750STX & 900STX (PRE 99) TRACTION,104.95,73.45
130BT206CG-ORANGE,Kawasaki ST / STS / 750STX & 900STX (PRE 99) TRACTION,104.95,73.45
130BT206CG-PURPLMARB,Kawasaki ST / STS / 750STX & 900STX (PRE 99) TRACTION,104.95,73.45
130BT206CG-RED,Kawasaki ST / STS / 750STX & 900STX (PRE 99) TRACTION,104.95,73.45
130BT206CG-SLATEGRAY,Kawasaki ST / STS / 750STX & 900STX (PRE 99) TRACTION,104.95,73.45
130BT206CG-WHITECAMO,Kawasaki ST / STS / 750STX & 900STX (PRE 99) TRACTION,104.95,73.45
130BT206CG-WHITEGRAN,Kawasaki ST / STS / 750STX & 900STX (PRE 99) TRACTION,104.95,73.45
130BT206CG-YELLOW,Kawasaki ST / STS / 750STX & 900STX (PRE 99) TRACTION,104.95,73.45
130BT206DP-BLACK,Kawasaki ST / STS / 750STX & 900STX (PRE 99) TRACTION,104.95,73.45
130BT206DP-GRAY,Kawasaki ST / STS / 750STX & 900STX (PRE 99) TRACTION,104.95,73.45
130BT206DP-PURPLE,Kawasaki ST / STS / 750STX & 900STX (PRE 99) TRACTION,104.95,73.45
130BT206WB-BLACK,Kawasaki ST / STS / 750STX & 900STX (PRE 99) TRACTION,104.95,73.45
130BT206WB-BLACKMARB,Kawasaki ST / STS / 750STX & 900STX (PRE 99) TRACTION,104.95,73.45
130BT206WB-DARKGRAY,Kawasaki ST / STS / 750STX & 900STX (PRE 99) TRACTION,104.95,73.45
130BT206WB-GRAY,Kawasaki ST / STS / 750STX & 900STX (PRE 99) TRACTION,104.95,73.45
130BT206WB-PURPLE,Kawasaki ST / STS / 750STX & 900STX (PRE 99) TRACTION,104.95,73.45
130BT207CG-BLACK,Kawasaki 1100 STX / (97-99) / 900STX (99-00) / 900STS,104.95,73.45
130BT207CG-BLACKMARB,Kawasaki 1100 STX / (97-99) / 900STX (99-00) / 900STS,104.95,73.45
130BT207CG-BLUEMARB,Kawasaki 1100 STX / (97-99) / 900STX (99-00) / 900STS,104.95,73.45
130BT207CG-CHAR,Kawasaki 1100 STX / (97-99) / 900STX (99-00) / 900STS,104.95,73.45
130BT207CG-DARKBLUE,Kawasaki 1100 STX / (97-99) / 900STX (99-00) / 900STS,104.95,73.45
130BT207CG-LIMEGREEN,Kawasaki 1100 STX / (97-99) / 900STX (99-00) / 900STS,104.95,73.45
130BT207CG-Military,Kawasaki 1100 STX / (97-99) / 900STX (99-00) / 900STS,104.95,73.45
130BT207CG-ORANGE,Kawasaki 1100 STX / (97-99) / 900STX (99-00) / 900STS,104.95,73.45
130BT207CG-PURPLMARB,Kawasaki 1100 STX / (97-99) / 900STX (99-00) / 900STS,104.95,73.45
130BT207CG-RED,Kawasaki 1100 STX / (97-99) / 900STX (99-00) / 900STS,104.95,73.45
130BT207CG-SLATEGRAY,Kawasaki 1100 STX / (97-99) / 900STX (99-00) / 900STS,104.95,73.45
130BT207CG-WHITECAMO,Kawasaki 1100 STX / (97-99) / 900STX (99-00) / 900STS,104.95,73.45
130BT207CG-WHITEGRAN,Kawasaki 1100 STX / (97-99) / 900STX (99-00) / 900STS,104.95,73.45
130BT207CG-YELLOW,Kawasaki 1100 STX / (97-99) / 900STX (99-00) / 900STS,104.95,73.45
130BT207DP-BLACK,Kawasaki 1100 STX / (97-99) / 900STX (99-00) / 900STS,104.95,73.45
130BT207DP-GRAY,Kawasaki 1100 STX / (97-99) / 900STX (99-00) / 900STS,104.95,73.45
130BT207DP-PURPLE,Kawasaki 1100 STX / (97-99) / 900STX (99-00) / 900STS,104.95,73.45
130BT207WB-BLACK,Kawasaki 1100 STX / (97-99) / 900STX (99-00) / 900STS,104.95,73.45
130BT207WB-BLACKMARB,Kawasaki 1100 STX / (97-99) / 900STX (99-00) / 900STS,104.95,73.45
130BT207WB-DARKGRAY,Kawasaki 1100 STX / (97-99) / 900STX (99-00) / 900STS,104.95,73.45
130BT207WB-GRAY,Kawasaki 1100 STX / (97-99) / 900STX (99-00) / 900STS,104.95,73.45
130BT207WB-PURPLE,Kawasaki 1100 STX / (97-99) / 900STX (99-00) / 900STS,104.95,73.45
130BT208CG-BLACK,Kawasaki 1100 STX DI (00-02) / ALL STX (01-08) TRACTIO,104.95,73.45
130BT208CG-BLACKMARB,Kawasaki 1100 STX DI (00-02) / ALL STX (01-08) TRACTIO,104.95,73.45
130BT208CG-BLUEMARB,Kawasaki 1100 STX DI (00-02) / ALL STX (01-08) TRACTIO,104.95,73.45
130BT208CG-CHAR,Kawasaki 1100 STX DI (00-02) / ALL STX (01-08) TRACTIO,104.95,73.45
130BT208CG-DARKBLUE,Kawasaki 1100 STX DI (00-02) / ALL STX (01-08) TRACTIO,104.95,73.45
130BT208CG-LIMEGREEN,Kawasaki 1100 STX DI (00-02) / ALL STX (01-08) TRACTIO,104.95,73.45
130BT208CG-Military,Kawasaki 1100 STX DI (00-02) / ALL STX (01-08) TRACTIO,104.95,73.45
130BT208CG-ORANGE,Kawasaki 1100 STX DI (00-02) / ALL STX (01-08) TRACTIO,104.95,73.45
130BT208CG-PURPLMARB,Kawasaki 1100 STX DI (00-02) / ALL STX (01-08) TRACTIO,104.95,73.45
130BT208CG-RED,Kawasaki 1100 STX DI (00-02) / ALL STX (01-08) TRACTIO,104.95,73.45
130BT208CG-SLATEGRAY,Kawasaki 1100 STX DI (00-02) / ALL STX (01-08) TRACTIO,104.95,73.45
130BT208CG-WHITECAMO,Kawasaki 1100 STX DI (00-02) / ALL STX (01-08) TRACTIO,104.95,73.45
130BT208CG-WHITEGRAN,Kawasaki 1100 STX DI (00-02) / ALL STX (01-08) TRACTIO,104.95,73.45
130BT208CG-YELLOW,Kawasaki 1100 STX DI (00-02) / ALL STX (01-08) TRACTIO,104.95,73.45
130BT208DP-BLACK,Kawasaki 1100 STX DI (00-02) / ALL STX (01-08) TRACTIO,104.95,73.45
130BT208DP-GRAY,Kawasaki 1100 STX DI (00-02) / ALL STX (01-08) TRACTIO,104.95,73.45
130BT208DP-PURPLE,Kawasaki 1100 STX DI (00-02) / ALL STX (01-08) TRACTIO,104.95,73.45
130BT208WB-BLACK,Kawasaki 1100 STX DI (00-02) / ALL STX (01-08) TRACTIO,104.95,73.45
130BT208WB-BLACKMARB,Kawasaki 1100 STX DI (00-02) / ALL STX (01-08) TRACTIO,104.95,73.45
130BT208WB-DARKGRAY,Kawasaki 1100 STX DI (00-02) / ALL STX (01-08) TRACTIO,104.95,73.45
130BT208WB-GRAY,Kawasaki 1100 STX DI (00-02) / ALL STX (01-08) TRACTIO,104.95,73.45
130BT208WB-PURPLE,Kawasaki 1100 STX DI (00-02) / ALL STX (01-08) TRACTIO,104.95,73.45
130BT300CG-BLACK,PolarisSL / SLX (PRE 99) / PRO 785 (99-01) TRACTION M,104.95,73.45
130BT300CG-BLACKMARB,PolarisSL / SLX (PRE 99) / PRO 785 (99-01) TRACTION M,104.95,73.45
130BT300CG-BLUEMARB,PolarisSL / SLX (PRE 99) / PRO 785 (99-01) TRACTION M,104.95,73.45
130BT300CG-CHAR,PolarisSL / SLX (PRE 99) / PRO 785 (99-01) TRACTION M,104.95,73.45
130BT300CG-DARKBLUE,PolarisSL / SLX (PRE 99) / PRO 785 (99-01) TRACTION M,104.95,73.45
130BT300CG-LIMEGREEN,PolarisSL / SLX (PRE 99) / PRO 785 (99-01) TRACTION M,104.95,73.45
130BT300CG-Military,PolarisSL / SLX (PRE 99) / PRO 785 (99-01) TRACTION M,104.95,73.45
130BT300CG-ORANGE,PolarisSL / SLX (PRE 99) / PRO 785 (99-01) TRACTION M,104.95,73.45
130BT300CG-PURPLMARB,PolarisSL / SLX (PRE 99) / PRO 785 (99-01) TRACTION M,104.95,73.45
130BT300CG-RED,PolarisSL / SLX (PRE 99) / PRO 785 (99-01) TRACTION M,104.95,73.45
130BT300CG-SLATEGRAY,PolarisSL / SLX (PRE 99) / PRO 785 (99-01) TRACTION M,104.95,73.45
130BT300CG-WHITECAMO,PolarisSL / SLX (PRE 99) / PRO 785 (99-01) TRACTION M,104.95,73.45
130BT300CG-WHITEGRAN,PolarisSL / SLX (PRE 99) / PRO 785 (99-01) TRACTION M,104.95,73.45
130BT300CG-YELLOW,PolarisSL / SLX (PRE 99) / PRO 785 (99-01) TRACTION M,104.95,73.45
130BT300DP-BLACK,PolarisSL / SLX (PRE 99) / PRO 785 (99-01) TRACTION M,104.95,73.45
130BT300DP-GRAY,PolarisSL / SLX (PRE 99) / PRO 785 (99-01) TRACTION M,104.95,73.45
130BT300DP-PURPLE,PolarisSL / SLX (PRE 99) / PRO 785 (99-01) TRACTION M,104.95,73.45
130BT300WB-BLACK,PolarisSL / SLX (PRE 99) / PRO 785 (99-01) TRACTION M,104.95,73.45
130BT300WB-BLACKMARB,PolarisSL / SLX (PRE 99) / PRO 785 (99-01) TRACTION M,104.95,73.45
130BT300WB-DARKGRAY,PolarisSL / SLX (PRE 99) / PRO 785 (99-01) TRACTION M,104.95,73.45
130BT300WB-GRAY,PolarisSL / SLX (PRE 99) / PRO 785 (99-01) TRACTION M,104.95,73.45
130BT300WB-PURPLE,PolarisSL / SLX (PRE 99) / PRO 785 (99-01) TRACTION M,104.95,73.45
130BT414CG-BLACK,Yamaha Venture / XL 1200 (98) / XL 700 & 760 (98-04),104.95,73.45
130BT414CG-BLACKMARB,Yamaha Venture / XL 1200 (98) / XL 700 & 760 (98-04),104.95,73.45
130BT414CG-BLUEMARB,Yamaha Venture / XL 1200 (98) / XL 700 & 760 (98-04),104.95,73.45
130BT414CG-CHAR,Yamaha Venture / XL 1200 (98) / XL 700 & 760 (98-04),104.95,73.45
130BT414CG-DARKBLUE,Yamaha Venture / XL 1200 (98) / XL 700 & 760 (98-04),104.95,73.45
130BT414CG-LIMEGREEN,Yamaha Venture / XL 1200 (98) / XL 700 & 760 (98-04),104.95,73.45
130BT414CG-Military,Yamaha Venture / XL 1200 (98) / XL 700 & 760 (98-04),104.95,73.45
130BT414CG-ORANGE,Yamaha Venture / XL 1200 (98) / XL 700 & 760 (98-04),104.95,73.45
130BT414CG-PURPLMARB,Yamaha Venture / XL 1200 (98) / XL 700 & 760 (98-04),104.95,73.45
130BT414CG-RED,Yamaha Venture / XL 1200 (98) / XL 700 & 760 (98-04),104.95,73.45
130BT414CG-SLATEGRAY,Yamaha Venture / XL 1200 (98) / XL 700 & 760 (98-04),104.95,73.45
130BT414CG-WHITECAMO,Yamaha Venture / XL 1200 (98) / XL 700 & 760 (98-04),104.95,73.45
130BT414CG-WHITEGRAN,Yamaha Venture / XL 1200 (98) / XL 700 & 760 (98-04),104.95,73.45
130BT414CG-YELLOW,Yamaha Venture / XL 1200 (98) / XL 700 & 760 (98-04),104.95,73.45
130BT414DP-BLACK,Yamaha Venture / XL 1200 (98) / XL 700 & 760 (98-04),104.95,73.45
130BT414DP-GRAY,Yamaha Venture / XL 1200 (98) / XL 700 & 760 (98-04),104.95,73.45
130BT414DP-PURPLE,Yamaha Venture / XL 1200 (98) / XL 700 & 760 (98-04),104.95,73.45
130BT414WB-BLACK,Yamaha Venture / XL 1200 (98) / XL 700 & 760 (98-04),104.95,73.45
130BT414WB-BLACKMARB,Yamaha Venture / XL 1200 (98) / XL 700 & 760 (98-04),104.95,73.45
130BT414WB-DARKGRAY,Yamaha Venture / XL 1200 (98) / XL 700 & 760 (98-04),104.95,73.45
130BT414WB-GRAY,Yamaha Venture / XL 1200 (98) / XL 700 & 760 (98-04),104.95,73.45
130BT414WB-PURPLE,Yamaha Venture / XL 1200 (98) / XL 700 & 760 (98-04),104.95,73.45
130BT415CG-BLACK,Yamaha XL 1200 LTD (99-01)/XL 800/XLT 1200/XLT 800,104.95,73.45
130BT415CG-BLACKMARB,Yamaha XL 1200 LTD (99-01)/XL 800/XLT 1200/XLT 800,104.95,73.45
130BT415CG-BLUEMARB,Yamaha XL 1200 LTD (99-01)/XL 800/XLT 1200/XLT 800,104.95,73.45
130BT415CG-CHAR,Yamaha XL 1200 LTD (99-01)/XL 800/XLT 1200/XLT 800,104.95,73.45
130BT415CG-DARKBLUE,Yamaha XL 1200 LTD (99-01)/XL 800/XLT 1200/XLT 800,104.95,73.45
130BT415CG-LIMEGREEN,Yamaha XL 1200 LTD (99-01)/XL 800/XLT 1200/XLT 800,104.95,73.45
130BT415CG-Military,Yamaha XL 1200 LTD (99-01)/XL 800/XLT 1200/XLT 800,104.95,73.45
130BT415CG-MILITARYC,Yamaha XL 1200 LTD (99-01)/XL 800/XLT 1200/XLT 800,104.95,73.45
130BT415CG-ORANGE,Yamaha XL 1200 LTD (99-01)/XL 800/XLT 1200/XLT 800,104.95,73.45
130BT415CG-PURPLMARB,Yamaha XL 1200 LTD (99-01)/XL 800/XLT 1200/XLT 800,104.95,73.45
130BT415CG-RED,Yamaha XL 1200 LTD (99-01)/XL 800/XLT 1200/XLT 800,104.95,73.45
130BT415CG-SLATEGRAY,Yamaha XL 1200 LTD (99-01)/XL 800/XLT 1200/XLT 800,104.95,73.45
130BT415CG-WHITECAMO,Yamaha XL 1200 LTD (99-01)/XL 800/XLT 1200/XLT 800,104.95,73.45
130BT415CG-WHITEGRAN,Yamaha XL 1200 LTD (99-01)/XL 800/XLT 1200/XLT 800,104.95,73.45
130BT415CG-YELLOW,Yamaha XL 1200 LTD (99-01)/XL 800/XLT 1200/XLT 800,104.95,73.45
130BT415DP-BLACK,Yamaha XL 1200 LTD (99-01)/XL 800/XLT 1200/XLT 800,104.95,73.45
130BT415DP-GRAY,Yamaha XL 1200 LTD (99-01)/XL 800/XLT 1200/XLT 800,104.95,73.45
130BT415DP-PURPLE,Yamaha XL 1200 LTD (99-01)/XL 800/XLT 1200/XLT 800,104.95,73.45
130BT415WB-BLACK,Yamaha XL 1200 LTD (99-01)/XL 800/XLT 1200/XLT 800,104.95,73.45
130BT415WB-BLACKMARB,Yamaha XL 1200 LTD (99-01)/XL 800/XLT 1200/XLT 800,104.95,73.45
130BT415WB-DARKGRAY,Yamaha XL 1200 LTD (99-01)/XL 800/XLT 1200/XLT 800,104.95,73.45
130BT415WB-GRAY,Yamaha XL 1200 LTD (99-01)/XL 800/XLT 1200/XLT 800,104.95,73.45
130BT415WB-PURPLE,Yamaha XL 1200 LTD (99-01)/XL 800/XLT 1200/XLT 800,104.95,73.45
130BT417CG-BLACK,Yamaha GP 1300 R / GP 1200 R (00-02) /GP 800 R(01-05),104.95,73.45
130BT417CG-BLACKMARB,Yamaha GP 1300 R / GP 1200 R (00-02) /GP 800 R(01-05),104.95,73.45
130BT417CG-BLUEMARB,Yamaha GP 1300 R / GP 1200 R (00-02) /GP 800 R(01-05),104.95,73.45
130BT417CG-CHAR,Yamaha GP 1300 R / GP 1200 R (00-02) /GP 800 R(01-05),104.95,73.45
130BT417CG-DARKBLUE,Yamaha GP 1300 R / GP 1200 R (00-02) /GP 800 R(01-05),104.95,73.45
130BT417CG-LIMEGREEN,Yamaha GP 1300 R / GP 1200 R (00-02) /GP 800 R(01-05),104.95,73.45
130BT417CG-Military,Yamaha GP 1300 R / GP 1200 R (00-02) /GP 800 R(01-05),104.95,73.45
130BT417CG-ORANGE,Yamaha GP 1300 R / GP 1200 R (00-02) /GP 800 R(01-05),104.95,73.45
130BT417CG-PURPLMARB,Yamaha GP 1300 R / GP 1200 R (00-02) /GP 800 R(01-05),104.95,73.45
130BT417CG-RED,Yamaha GP 1300 R / GP 1200 R (00-02) /GP 800 R(01-05),104.95,73.45
130BT417CG-SLATEGRAY,Yamaha GP 1300 R / GP 1200 R (00-02) /GP 800 R(01-05),104.95,73.45
130BT417CG-WHITECAMO,Yamaha GP 1300 R / GP 1200 R (00-02) /GP 800 R(01-05),104.95,73.45
130BT417CG-WHITEGRAN,Yamaha GP 1300 R / GP 1200 R (00-02) /GP 800 R(01-05),104.95,73.45
130BT417CG-YELLOW,Yamaha GP 1300 R / GP 1200 R (00-02) /GP 800 R(01-05),104.95,73.45
130BT417DP-BLACK,Yamaha GP 1300 R / GP 1200 R (00-02) /GP 800 R(01-05),104.95,73.45
130BT417DP-GRAY,Yamaha GP 1300 R / GP 1200 R (00-02) /GP 800 R(01-05),104.95,73.45
130BT417DP-PURPLE,Yamaha GP 1300 R / GP 1200 R (00-02) /GP 800 R(01-05),104.95,73.45
130BT417WB-BLACK,Yamaha GP 1300 R / GP 1200 R (00-02) /GP 800 R(01-05),104.95,73.45
130BT417WB-DARKGRAY,Yamaha GP 1300 R / GP 1200 R (00-02) /GP 800 R(01-05),104.95,73.45
130BT417WB-GRAY,Yamaha GP 1300 R / GP 1200 R (00-02) /GP 800 R(01-05),104.95,73.45
130BT417WB-PURPLE,Yamaha GP 1300 R / GP 1200 R (00-02) /GP 800 R(01-05),104.95,73.45
130BT422CG-BLACK,2010-2012 VX Sport/ VX Deluxe/ VX Cruiser/ VXR/ VXS,113.95,79.75
130BT422CG-BLACKMARB,2010-2012 VX Sport/ VX Deluxe/ VX Cruiser/ VXR/ VXS,113.95,79.75
130BT422CG-BLUEMARB,2010-2012 VX Sport/ VX Deluxe/ VX Cruiser/ VXR/ VXS,113.95,79.75
130BT422CG-CHAR,2010-2012 VX Sport/ VX Deluxe/ VX Cruiser/ VXR/ VXS,113.95,79.75
130BT422CG-DARKBLUE,2010-2012 VX Sport/ VX Deluxe/ VX Cruiser/ VXR/ VXS,113.95,79.75
130BT422CG-LIMEGREEN,2010-2012 VX Sport/ VX Deluxe/ VX Cruiser/ VXR/ VXS,113.95,79.75
130BT422CG-Military,2010-2012 VX Sport/ VX Deluxe/ VX Cruiser/ VXR/ VXS,113.95,79.75
130BT422CG-ORANGE,2010-2012 VX Sport/ VX Deluxe/ VX Cruiser/ VXR/ VXS,113.95,79.75
130BT422CG-PURPLMARB,2010-2012 VX Sport/ VX Deluxe/ VX Cruiser/ VXR/ VXS,113.95,79.75
130BT422CG-RED,2010-2012 VX Sport/ VX Deluxe/ VX Cruiser/ VXR/ VXS,113.95,79.75
130BT422CG-SLATEGRAY,2010-2012 VX Sport/ VX Deluxe/ VX Cruiser/ VXR/ VXS,113.95,79.75
130BT422CG-WHITECAMO,2010-2012 VX Sport/ VX Deluxe/ VX Cruiser/ VXR/ VXS,113.95,79.75
130BT422CG-WHITEGRAN,2010-2012 VX Sport/ VX Deluxe/ VX Cruiser/ VXR/ VXS,113.95,79.75
130BT422CG-YELLOW,2010-2012 VX Sport/ VX Deluxe/ VX Cruiser/ VXR/ VXS,113.95,79.75
130BT422DP-BLACK,2010-2012 VX Sport/ VX Deluxe/ VX Cruiser/ VXR/ VXS,113.95,79.75
130BT422DP-GRAY,2010-2012 VX Sport/ VX Deluxe/ VX Cruiser/ VXR/ VXS,113.95,79.75
130BT422DP-PURPLE,2010-2012 VX Sport/ VX Deluxe/ VX Cruiser/ VXR/ VXS,113.95,79.75
130BT422WB-BLACK,2010-2012 VX Sport/ VX Deluxe/ VX Cruiser/ VXR/ VXS,113.95,79.75
130BT422WB-DARKGRAY,2010-2012 VX Sport/ VX Deluxe/ VX Cruiser/ VXR/ VXS,113.95,79.75
130BT422WB-GRAY,2010-2012 VX Sport/ VX Deluxe/ VX Cruiser/ VXR/ VXS,113.95,79.75
130BT422WB-PURPLE,2010-2012 VX Sport/ VX Deluxe/ VX Cruiser/ VXR/ VXS,113.95,79.75
130BT802CG-BLACK,Use 130BT800,339.95,237.95
130BT908CG-BLACK,"07-09 AR230HO,07SR230HO,07-09SX230HO,08-09 232LTD COMP",458.95,321.25
130BT908CG-BLACKMAR,"07-09 AR230HO,07SR230HO,07-09SX230HO,08-09 232LTD COMP",458.95,321.25
130BT908CG-BLUEMARB,"07-09 AR230HO,07SR230HO,07-09SX230HO,08-09 232LTD COMP",458.95,321.25
130BT908CG-CHAR,"07-09 AR230HO,07SR230HO,07-09SX230HO,08-09 232LTD COMP",458.95,321.25
130BT908CG-DARKBLUE,"07-09 AR230HO,07SR230HO,07-09SX230HO,08-09 232LTD COMP",458.95,321.25
130BT908CGE-BLACK,"07-09 AR230HO,07SR230HO,07-09SX230HO,08-09 232LTD EXT",141.95,99.35
130BT908CGE-BLACKMAR,"07-09 AR230HO,07SR230HO,07-09SX230HO,08-09 232LTD EXT",141.95,99.35
130BT908CGE-BLUEMAR,"07-09 AR230HO,07SR230HO,07-09SX230HO,08-09 232LTD EXT",141.95,99.35
130BT908CGE-CHAR,"07-09 AR230HO,07SR230HO,07-09SX230HO,08-09 232LTD EXT",141.95,99.35
130BT908CGE-DARKBLUE,"07-09 AR230HO,07SR230HO,07-09SX230HO,08-09 232LTD EXT",141.95,99.35
130BT908CGE-LIMEGREE,"07-09 AR230HO,07SR230HO,07-09SX230HO,08-09 232LTD EXT",141.95,99.35
130BT908CGE-Military,"07-09 AR230HO,07SR230HO,07-09SX230HO,08-09 232LTD EXT",141.95,99.35
130BT908CGE-ORANGE,"07-09 AR230HO,07SR230HO,07-09SX230HO,08-09 232LTD EXT",141.95,99.35
130BT908CGE-PURPLMAR,"07-09 AR230HO,07SR230HO,07-09SX230HO,08-09 232LTD EXT",141.95,99.35
130BT908CGE-RED,"07-09 AR230HO,07SR230HO,07-09SX230HO,08-09 232LTD EXT",141.95,99.35
130BT908CGE-SLATEGRA,"07-09 AR230HO,07SR230HO,07-09SX230HO,08-09 232LTD EXT",141.95,99.35
130BT908CGE-WHITECAM,"07-09 AR230HO,07SR230HO,07-09SX230HO,08-09 232LTD EXT",141.95,99.35
130BT908CGE-WHITEGRA,"07-09 AR230HO,07SR230HO,07-09SX230HO,08-09 232LTD EXT",141.95,99.35
130BT908CGE-YELLOW,"07-09 AR230HO,07SR230HO,07-09SX230HO,08-09 232LTD EXT",141.95,99.35
130BT908CGI-BLACK,"07-09 AR230HO,07SR230HO,07-09SX230HO,08-09 232LTD INT",328.95,230.25
130BT908CGI-BLACKMAR,"07-09 AR230HO,07SR230HO,07-09SX230HO,08-09 232LTD INT",328.95,230.25
130BT908CGI-BLUEMAR,"07-09 AR230HO,07SR230HO,07-09SX230HO,08-09 232LTD INT",328.95,230.25
130BT908CGI-CHAR,"07-09 AR230HO,07SR230HO,07-09SX230HO,08-09 232LTD INT",328.95,230.25
130BT908CGI-DARKBLUE,"07-09 AR230HO,07SR230HO,07-09SX230HO,08-09 232LTD INT",328.95,230.25
130BT908CGI-LIMEGREE,"07-09 AR230HO,07SR230HO,07-09SX230HO,08-09 232LTD INT",328.95,230.25
130BT908CGI-Military,"07-09 AR230HO,07SR230HO,07-09SX230HO,08-09 232LTD INT",328.95,230.25
130BT908CGI-ORANGE,"07-09 AR230HO,07SR230HO,07-09SX230HO,08-09 232LTD INT",328.95,230.25
130BT908CGI-PURPLMAR,"07-09 AR230HO,07SR230HO,07-09SX230HO,08-09 232LTD INT",328.95,230.25
130BT908CGI-RED,"07-09 AR230HO,07SR230HO,07-09SX230HO,08-09 232LTD INT",328.95,230.25
130BT908CGI-SLATEGRA,"07-09 AR230HO,07SR230HO,07-09SX230HO,08-09 232LTD INT",328.95,230.25
130BT908CGI-WHITECAM,"07-09 AR230HO,07SR230HO,07-09SX230HO,08-09 232LTD INT",328.95,230.25
130BT908CGI-WHITEGRA,"07-09 AR230HO,07SR230HO,07-09SX230HO,08-09 232LTD INT",328.95,230.25
130BT908CGI-YELLOW,"07-09 AR230HO,07SR230HO,07-09SX230HO,08-09 232LTD INT",328.95,230.25
130BT908CG-LIMEGREE,"07-09 AR230HO,07SR230HO,07-09SX230HO,08-09 232LTD COMP",458.95,321.25
130BT908CG-Military,"07-09 AR230HO,07SR230HO,07-09SX230HO,08-09 232LTD COMP",458.95,321.25
130BT908CG-ORANGE,"07-09 AR230HO,07SR230HO,07-09SX230HO,08-09 232LTD COMP",458.95,321.25
130BT908CG-PURPLMAR,"07-09 AR230HO,07SR230HO,07-09SX230HO,08-09 232LTD COMP",458.95,321.25
130BT908CG-RED,"07-09 AR230HO,07SR230HO,07-09SX230HO,08-09 232LTD COMP",458.95,321.25
130BT908CG-SLATEGRA,"07-09 AR230HO,07SR230HO,07-09SX230HO,08-09 232LTD COMP",458.95,321.25
130BT908CG-WHITECAM,"07-09 AR230HO,07SR230HO,07-09SX230HO,08-09 232LTD COMP",458.95,321.25
130BT908CG-WHITEGRA,"07-09 AR230HO,07SR230HO,07-09SX230HO,08-09 232LTD COMP",458.95,321.25
130BT908CG-YELLOW,"07-09 AR230HO,07SR230HO,07-09SX230HO,08-09 232LTD COMP",458.95,321.25
130BT908DP-BLACK,"07-09 AR230HO,07SR230HO,07-09SX230HO,08-09 232LTD COMP",458.95,321.25
130BT908DPE-BLACK,"07-09 AR230HO,07SR230HO,07-09SX230HO,08-09 232LTD EXT",141.95,99.35
130BT908DPE-GRAY,"07-09 AR230HO,07SR230HO,07-09SX230HO,08-09 232LTD EXT",141.95,99.35
130BT908DPE-PURPLE,"07-09 AR230HO,07SR230HO,07-09SX230HO,08-09 232LTD EXT",141.95,99.35
130BT908DP-GRAY,"07-09 AR230HO,07SR230HO,07-09SX230HO,08-09 232LTD COMP",458.95,321.25
130BT908DPI-BLACK,"07-09 AR230HO,07SR230HO,07-09SX230HO,08-09 232LTD INT",328.95,230.25
130BT908DPI-GRAY,"07-09 AR230HO,07SR230HO,07-09SX230HO,08-09 232LTD INT",328.95,230.25
130BT908DPI-PURPLE,"07-09 AR230HO,07SR230HO,07-09SX230HO,08-09 232LTD INT",328.95,230.25
130BT908DP-PURPLE,"07-09 AR230HO,07SR230HO,07-09SX230HO,08-09 232LTD COMP",458.95,321.25
130BT908WB-BLACK,"07-09 AR230HO,07SR230HO,07-09SX230HO,08-09 232LTD COMP",458.95,321.25
130BT908WB-BLACKMAR,"07-09 AR230HO,07SR230HO,07-09SX230HO,08-09 232LTD COMP",458.95,321.25
130BT908WB-DARKGRAY,"07-09 AR230HO,07SR230HO,07-09SX230HO,08-09 232LTD COMP",458.95,321.25
130BT908WBE-BLACK,"07-09 AR230HO,07SR230HO,07-09SX230HO,08-09 232LTD EXT",141.95,99.35
130BT908WBE-BLACKMAR,"07-09 AR230HO,07SR230HO,07-09SX230HO,08-09 232LTD EXT",141.95,99.35
130BT908WBE-DARKGRAY,"07-09 AR230HO,07SR230HO,07-09SX230HO,08-09 232LTD EXT",141.95,99.35
130BT908WBE-GRAY,"07-09 AR230HO,07SR230HO,07-09SX230HO,08-09 232LTD EXT",141.95,99.35
130BT908WBE-PURPLE,"07-09 AR230HO,07SR230HO,07-09SX230HO,08-09 232LTD EXT",141.95,99.35
130BT908WB-GRAY,"07-09 AR230HO,07SR230HO,07-09SX230HO,08-09 232LTD COMP",458.95,321.25
130BT908WBI-BLACK,"07-09 AR230HO,07SR230HO,07-09SX230HO,08-09 232LTD INT",328.95,230.25
130BT908WBI-BLACKMAR,"07-09 AR230HO,07SR230HO,07-09SX230HO,08-09 232LTD INT",328.95,230.25
130BT908WBI-DARKGRAY,"07-09 AR230HO,07SR230HO,07-09SX230HO,08-09 232LTD INT",328.95,230.25
130BT908WBI-GRAY,"07-09 AR230HO,07SR230HO,07-09SX230HO,08-09 232LTD INT",328.95,230.25
130BT908WBI-PURPLE,"07-09 AR230HO,07SR230HO,07-09SX230HO,08-09 232LTD INT",328.95,230.25
130BT908WB-PURPLE,"07-09 AR230HO,07SR230HO,07-09SX230HO,08-09 232LTD COMP",458.95,321.25
130BT909DP-BLACK,Use 130BT906,,
137BE100-BLACK,"Handlebar Cover fits 1993-96 XP, 1993-98 SP,SPX,Spi",76.95,53.85
137BE100-BLUE,"Handlebar Cover fits 1993-96 XP, 1993-98 SP,SPX,Spi",76.95,53.85
137BE100-GRAY,"Handlebar Cover fits 1993-96 XP, 1993-98 SP,SPX,Spi",76.95,53.85
137BE100-PURPLE,"Handlebar Cover fits 1993-96 XP, 1993-98 SP,SPX,Spi",76.95,53.85
137BE100-YELLOW,"Handlebar Cover fits 1993-96 XP, 1993-98 SP,SPX,Spi",76.95,53.85
137BE101-BLACK,Handlebar cover for Sea-Doo 92-98 GTS/93-95 GTX/96 GTI,76.95,53.85
137BE101-BLUE,Handlebar cover for Sea-Doo 92-98 GTS/93-95 GTX/96 GTI,76.95,53.85
137BE101-GRAY,Handlebar cover for Sea-Doo 92-98 GTS/93-95 GTX/96 GTI,76.95,53.85
137BE101-PURPLE,Handlebar cover for Sea-Doo 92-98 GTS/93-95 GTX/96 GTI,76.95,53.85
137BE101-YELLOW,Handlebar cover for Sea-Doo 92-98 GTS/93-95 GTX/96 GTI,76.95,53.85
137BE102-BLACK,Handlebar cover for Sea-Doo 89-93 SP/91-92 XP/ 93 SPX/,76.95,53.85
137BE102-BLUE,Handlebar cover for Sea-Doo 89-93 SP/91-92 XP/ 93 SPX/,76.95,53.85
137BE102-GRAY,Handlebar cover for Sea-Doo 89-93 SP/91-92 XP/ 93 SPX/,76.95,53.85
137BE102-PURPLE,Handlebar cover for Sea-Doo 89-93 SP/91-92 XP/ 93 SPX/,76.95,53.85
137BE102-YELLOW,Handlebar cover for Sea-Doo 89-93 SP/91-92 XP/ 93 SPX/,76.95,53.85
137BE202-BLACK,Handlebar cover for Kawasaki 99 1100 STX/99-06 900STX/,76.95,53.85
137BE202-BLUE,Handlebar cover for Kawasaki 99 1100 STX/99-06 900STX/,76.95,53.85
137BE202-GRAY,Handlebar cover for Kawasaki 99 1100 STX/99-06 900STX/,76.95,53.85
137BE202-PURPLE,Handlebar cover for Kawasaki 99 1100 STX/99-06 900STX/,76.95,53.85
137BE202-YELLOW,Handlebar cover for Kawasaki 99 1100 STX/99-06 900STX/,76.95,53.85
137BE204-BLACK,Handlebar cover for Kawasaki 05-07 STX12F/04-12 STX15F,76.95,53.85
137BE204-BLUE,Handlebar cover for Kawasaki 05-07 STX12F/04-12 STX15F,76.95,53.85
137BE204-GRAY,Handlebar cover for Kawasaki 05-07 STX12F/04-12 STX15F,76.95,53.85
137BE204-PURPLE,Handlebar cover for Kawasaki 05-07 STX12F/04-12 STX15F,76.95,53.85
137BE204-YELLOW,Handlebar cover for Kawasaki 05-07 STX12F/04-12 STX15F,76.95,53.85
137BE300-BLACK,"Handlebar cover for Polaris1993-96 SL,SLT",76.95,53.85
137BE300-BLUE,"Handlebar cover for Polaris1993-96 SL,SLT",76.95,53.85
137BE300-GRAY,"Handlebar cover for Polaris1993-96 SL,SLT",76.95,53.85
137BE300-PURPLE,"Handlebar cover for Polaris1993-96 SL,SLT",76.95,53.85
137BE300-YELLOW,"Handlebar cover for Polaris1993-96 SL,SLT",76.95,53.85
137BE400-BLACK,1994-97 Wave Raider & Wave Venture Handlebar Cover,76.95,53.85
137BE400-BLUE,1994-97 Wave Raider & Wave Venture Handlebar Cover,76.95,53.85
137BE400-GRAY,1994-97 Wave Raider & Wave Venture Handlebar Cover,76.95,53.85
137BE400-PURPLE,1994-97 Wave Raider & Wave Venture Handlebar Cover,76.95,53.85
137BE400-YELLOW,1994-97 Wave Raider & Wave Venture Handlebar Cover,76.95,53.85
137BE404-BLACK,Handlebar Cover- Yamaha see description,76.95,53.85
137BE404-BLUE,Handlebar Cover- Yamaha see description,76.95,53.85
137BE404-GRAY,Handlebar Cover- Yamaha see description,76.95,53.85
137BE404-PURPLE,Handlebar Cover- Yamaha see description,76.95,53.85
137BE404-YELLOW,Handlebar Cover- Yamaha see description,76.95,53.85
137BE405-BLACK,"1999-2004 XL1200Ltd/ XLT1200/ XL800, 1999-2004 SUV Han",76.95,53.85
137BE405-BLUE,Handlebar Cover- Yamaha see description,76.95,53.85
137BE405-PURPLE,Handlebar Cover- Yamaha see description,76.95,53.85
137BE405-YELLOW,Handlebar Cover- Yamaha see description,76.95,53.85
137BE406-BLACK,Handlebar cover for Yamaha 02-07 FX/FX HO/FX Cruiser,76.95,53.85
137BE406-BLUE,Handlebar cover for Yamaha 02-07 FX/FX HO/FX Cruiser,76.95,53.85
137BE406-GRAY,Handlebar cover for Yamaha 02-07 FX/FX HO/FX Cruiser,76.95,53.85
137BE406-PURPLE,Handlebar cover for Yamaha 02-07 FX/FX HO/FX Cruiser,76.95,53.85
137BE406-YELLOW,Handlebar cover for Yamaha 02-07 FX/FX HO/FX Cruiser,76.95,53.85
137BT106,Sea-Doo HANDLEBAR COVER 09-12 GTX/GTI/RXT/Wake/GTR,39.95,27.95
137BT200,Kawasaki HANDLEBAR COVER 92-94 750 SS/SSXI/SSXIR,39.95,27.95
137BT203,"2001-04 Ultra 130, 1995-2005 Ultra 150 Handlebar Cover",39.95,27.95
137BT401,1989-93  Wave Runner Handlebar Cover,39.95,27.95
14-115,Sea-Doo Spark Stator,196.95,118.15
14-116,"Sea-Doo 300 Stator, 2018 and up",295.9,177.5
14-416,Yamaha 1050 Stator,218.15,130.85
15-110-12B,Sea-Doo Safety Switch (4 wires),82,49.2
15-111-05A,Sea-Doo Safety Switch Nut,2.4,1.45
15-307,PolarisRegulator,120.7,72.4
15-412,Yamaha 1.8l Rectifier & Regulator,132.5,79.5
16-109,Sea-Doo XPL 1998 CDI Box,659.95,395.95
16-109A,"Sea-Doo 1998 GTX, GSX CDI Box",549.95,329.95
16-109B,"Sea-Doo 1999-2002 GTX, GSX, XP, RX CDI Box",549.95,329.95
16-303,"PolarisSL750/ SLT 750 CDI Box (1994,1995)",255.95,153.55
16-304,Polaris780 CDI box (1996-1997),255.95,153.55
17-102-01,Sea-Doo 587-800 Ignition Coil,99.95,59.95
17-214-01,Kawasaki 4 Stroke Ignition Coil,99.95,59.95
17-401-01,Yamaha 650/700 Ignition Coil,66.85,39.95
20-115,Sea-Doo Spark Crankshaft        ,729,495
20-116,Sea-Doo 300 Crankshaft                                ,929,599
20-202C,Kawasaki 440/550 Circle Crankshaft,345,259
20-203B,Kawasaki 650X2 20mm 86-95 X2 Crankshaft,285,225
20-205,Kawasaki 750 Crankshaft Small Pin [18MM PTO],345,259
20-206,Kawasaki 750 Small Pin [20MM PTO],345,259
20-214A,Kawasaki 15F Crankshaft (2007 and up),729,495
20-216,"Kawasaki 300X, 310X Crankshaft",729,495
20-408A,Yamaha 4-Stroke Crank Shaft (2002 only),729,495
20-408B,Yamaha 4-Stroke Crank Shaft,729,495
20-412,Yamaha 4-Stroke Forged Crank Shaft,865,569
20-415,Yamaha 1.8l Crankshaft,929,599
20-416,Yamaha 1.8l Crankshaft 2016 and up,519.95,363
20-501C,Tigershark 640 24MM Crankshaft,345,259
20-503B,Tigershark 900 24mm Crankshaft,555,449
22-107,Sea-Doo 787 Counter Balance Assmbly Exchange,109.95,71.45
22-107-01,Sea-Doo 800 counter balance shaft gear,163.95,98.35
22-108,Sea-Doo 951 Counter Balance Assmbly Exchange,109.95,71.45
22-111,Counter Balance Assembly 951 DI,109.95,71.45
23-103-03,Lock Clip for Crankshaft Gear,1.99,1.194
23-105-112,Sea-Doo 720 long pin Rod,95.95,57.55
23-111-05,Center Crank Gear for 951 DI,95.347,57.95
23-115-06,Sea-Doo Spark Distance Ring,3.75,2.25
23-115-10,Sea-Doo Spark Retaining Ring,4.6,2.76
23-115-11,Sea-Doo Spark Retaining Ring,7.55,4.53
23-115C,Sea-Doo Spark Crankshaft Thrustwasher Half Set,11.95,7.1
23-202-211,"Kawasaki 440, 550  Bearing",14.35,8.6
23-213-40 BLACK,Kawasaki STX 12F/15F End Bearing),22.85,13.7
23-213-40 BLUE,Kawasaki STX 12F/15F End Bearing),22.85,13.7
23-213-40 BROWN,Kawasaki STX 12F/15F End Bearing),22.85,13.7
23-213-41 BLACK,Kawasaki STX 12F/15F Mid Main Bearing),22.85,13.7
23-213-41 BLUE,Kawasaki STX 12F/15F Mid Main Bearing),22.85,13.7
23-213-41 BROWN,Kawasaki STX 12F/15F Mid Main Bearing),22.85,13.7
23-213-42 BLACK,Kawasaki STX 12F/15F Center Main Bearing),22.85,13.7
23-213-42 BLUE,Kawasaki STX 12F/15F Center Main Bearing),22.85,13.7
23-213-42 BROWN,Kawasaki STX 12F/15F Center Main Bearing),22.85,13.7
23-213-50 BLACK,Kawasaki Rod Bearing 12F,22.85,13.7
23-213-50 BLUE,Kawasaki Rod Bearing 12F,22.85,13.7
23-213-50 BROWN,Kawasaki Rod Bearing 12F,22.85,13.7
23-214-40 GREEN,Kawasaki End Bearing),22.85,13.7
23-214-40 PINK,Kawasaki End Bearing),22.85,13.7
23-214-40 YELLOW,Kawasaki End Bearing),22.85,13.7
23-214-41 GREEN,Kawasaki Mid Main Bearing),22.85,13.7
23-214-41 PINK,Kawasaki Mid Main Bearing),22.85,13.7
23-214-41 YELLOW,Kawasaki Mid Main Bearing),22.85,13.7
23-214-42 GREEN,Kawasaki Center Main Bearing),22.85,13.7
23-214-42 PINK,Kawasaki Center Main Bearing),22.85,13.7
23-214-42 YELLOW,Kawasaki Center Main Bearing),22.85,13.7
23-214-50 BLACK,Kawasaki Rod Bearing ,22.85,13.7
23-214-50 BLUE,Kawasaki Rod Bearing ,22.85,13.7
23-214-50 BROWN,Kawasaki Rod Bearing ,22.85,13.7
23-214-50 GREEN,Kawasaki Rod Bearing),22.85,13.7
23-214-50 PINK,Kawasaki Rod Bearing),22.85,13.7
23-214-50 YELLOW,Kawasaki Rod Bearing),22.85,13.7
23-304-106,Polaris785 PRO Rod Kit (Front and Center),112.95,67.75
23-408-40 YELLOW,Yamaha Main Bearing),16.45,9.85
23-408-40B BLACK,Yamaha Main Bearing),16.45,9.85
23-408-40B BLUE,Yamaha Main Bearing),16.45,9.85
23-408-40B BROWN,Yamaha Main Bearing),16.45,9.85
23-408-40B GREEN,Yamaha Main Bearing),16.45,9.85
23-408-40B RED,Yamaha Main Bearing),16.45,9.85
23-408-50 BLACK,Yamaha 4 Stroke Rod Bearings),16.45,9.85
23-408-50 BLUE,Yamaha 4 Stroke Rod Bearings),16.45,9.85
23-408-50 BROWN,Yamaha 4 Stroke Rod Bearings),16.45,9.85
23-408-50 GREEN,Yamaha 4 Stroke Rod Bearings),16.45,9.85
23-410-40 BLACK,Yamaha Main Bearing),16.45,9.85
23-410-40 BLUE,Yamaha Main Bearing),16.45,9.85
23-410-40 BROWN,Yamaha Main Bearing),16.45,9.85
23-410-40 GREEN,Yamaha Main Bearing),16.45,9.85
23-410-40 RED,Yamaha Main Bearing),16.45,9.85
23-412-40B BLACK,Yamaha 1.8l Main Bearing),22.85,13.7
23-412-40B BLUE,Yamaha 1.8l Main Bearing),22.85,13.7
23-412-40B BROWN,Yamaha 1.8l Main Bearing),22.85,13.7
23-412-40B GREEN,Yamaha 1.8l Main Bearing),22.85,13.7
23-412-40B YELLOW,Yamaha 1.8l Main Bearing),22.85,13.7
23-412-50 BLACK,Yamaha 1.8l Rod Bearing),22.85,13.7
23-412-50 BLUE,Yamaha 1.8l Rod Bearing),22.85,13.7
23-412-50 GREEN,Yamaha 1.8l Rod Bearing),22.85,13.7
23-412-50B BROWN,Yamaha 1.8l Rod Bearing),22.85,13.7
23-415-50 BLACK,Yamaha 1.8l Rod Bearing 2013 & Up,22.85,13.7
23-415-50 BLUE,Yamaha 1.8l Rod Bearing 2013 & Up,22.85,13.7
23-415-50 BROWN,Yamaha 1.8l Rod Bearing 2013 & Up,22.85,13.7
23-415-50 GREEN,Yamaha 1.8l Rod Bearing 2013 & Up,22.85,13.7
23-416-04,Yamaha 1050 Woodruff Key,3.445,2.067
23-503-241,"Tigershark 900, 1000  Bearing",99.95,59.95
23-503-242,"Tigershark 900, 1000  Bearing",99.95,59.95
23-600-40 BLACK,"Honda Turbo/NT Main Bearing, Black)",16.45,9.85
23-600-40 BROWN,"Honda Turbo/NT Main Bearing, Brown)",16.45,9.85
23-600-40 GREEN,"Honda Turbo/NT Main Bearing, Green)",16.45,9.85
23-600-40 PINK,"Honda Turbo/NT Main Bearing, Pink)",16.45,9.85
23-600-40 YELLOW,"Honda Turbo/NT Main Bearing, Yellow)",16.45,9.85
23-600-50 BROWN,"Honda NT Rod Bearing, Brown)",16.45,9.85
23-600-50 GREEN,"Honda NT Rod Bearing, Green)",16.45,9.85
23-600-50 YELLOW,"Honda NT Rod Bearing, Yellow)",16.45,9.85
23-601-50 BROWN,"Honda Turbo Rod Bearing, Brown)",16.45,9.85
23-601-50 GREEN,"Honda Turbo Rod Bearing, Green)",16.45,9.85
23-601-50 YELLOW,"Honda Turbo Rod Bearing, Yellow)",16.45,9.85
25-201,Kawasaki 440/550 Wrist Pin Bearing,17.85,10.7
26-1111,Sea-Doo Choke Cable,90.2,54.1
26-1308,"PolarisVIRAGE 3-PASS, TX 3-PASS CHOKE CABLE",45.7,27.4
26-2419,Yamaha 1.8L Reverse Cable (2012-2014),101.95,61.15
26-3130K,Sea-Doo Spark Steering Cable Kit,214.8,128.85
26-3224,Kawasaki SX-R Steering Cable,118.05,70.8
26-3435,Yamaha GP1800 Steering Cable,214.8,128.85
26-3436,"Yamaha 2017, 2018 EX Steering Cable",164.3,98.55
26-5422,Yamaha Trim Cable,322.3,193.35
26-8111,Sea-Doo 2001-2007 DI Models Oil Injection Cable,38.95,23.35
27-2431,Yamaha Jet Boat Reverse Cable,136.35,81.8
27-3411,"Yamaha Jet Boat SX190, AR190 Steering Cable",193.3,115.95
27-3412,Yamaha Jet Boat AR240 Steering Cable,428.75,257.25
27-3413,Yamaha Jet Boat 212 Limited Steering Cable,418.95,251.35
27-5101,Sea-Doo Jet Boat Trim Cable,143.85,86.3
28-105,New SBT Bare Single Cylinder - Fits Sea-Doo 717      ,449.95,292.45
28-105-K,New SBT Single Cylinder Kit - Fits Sea-Doo 717        ,573.95,372.95
28-105-S,New SBT Bare Cylinder Set - Fits Sea-Doo 717          ,799.95,559.95
28-406,New SBT Bare Single Cylinder - Fits Yamaha 800       ,499.95,324.95
28-406-K,New SBT Single Cylinder Kit - Fits Yamaha 800,637.75,423.95
28-406-KS,New SBT Cylinders Kit - Engine Set - Fits Yamaha 800  ,1149.95,804.95
28-406-S,New SBT Bare Cylinder Set - Fits Yamaha 800,899.95,629.95
28-407,New SBT Bare Single Cylinder - Fits Yamaha 1200R,499.95,324.95
28-407A-KS,New SBT Cylinders Kit - Engine Set - Fits Yamaha 1200  ,1699.95,1189.95
28-407C-KS,New SBT Cylinders Kit - Engine Set - Fits Yamaha 1200  ,1699.95,1189.95
28-407-K,New SBT Single Cylinder Kit  -Fits Yamaha 1200R,637.75,423.95
28-407-S,SBT Bare Cylinder Set - Fits Yamaha 1200R,1299.95,909.95
29-112-02K,Sea-Doo 4 Stroke Cylinder Head (w/o cam),849.95,327.995
29-408-02,Yamaha 4 Stroke Cylinder Head (Bare),636.95,459.95
29-410-02K,Yamaha 4 Stroke Cylinder Head (w/o cams),799.95,579.95
29-411-02,Yamaha 4 Stroke Cylinder Head (Bare),636.95,459.95
29-411-02K,Yamaha 4 Stroke Cylinder Head (w/o cams),799.95,579.95
30-120,Remanufactured Impeller,129.95,109.85
30-121,Remanufactured Impeller,129.95,109.85
30-122,Remanufactured Impeller,129.95,109.85
30-123,Remanufactured Impeller,129.95,109.85
30-123A,Remanufactured Impeller,129.95,109.85
30-124,Remanufactured Impeller,129.95,109.85
30-125,Remanufactured Impeller,129.95,109.85
30-126,Remanufactured Impeller,129.95,109.85
30-127,Remanufactured Impeller,129.95,109.85
30-128,Remanufactured Impeller,129.95,109.85
30-129,Remanufactured Impeller,129.95,109.85
30-130,Remanufactured Impeller,129.95,109.85
30-131,Remanufactured Impeller,129.95,109.85
30-132,Remanufactured Impeller,129.95,109.85
30-133,Remanufactured Impeller,129.95,109.85
30-134,Remanufactured Impeller,129.95,109.85
30-136,Remanufactured Impeller,129.95,109.85
30-137,Remanufactured Impeller,129.95,109.85
30-138,Remanufactured Impeller,129.95,109.85
30-139,Remanufactured Impeller,129.95,109.85
30-140,Remanufactured Impeller,129.95,109.85
30-141,Remanufactured Impeller,129.95,109.85
30-142,Remanufactured Impeller,129.95,109.85
30-143,Remanufactured Impeller,129.95,109.85
30-144,Remanufactured Impeller,129.95,109.85
30-145,Remanufactured Impeller,129.95,109.85
30-146,Remanufactured Impeller,129.95,109.85
30-147,Remanufactured Impeller,129.95,109.85
30-148,Remanufactured Impeller,129.95,109.85
30-149,Remanufactured Impeller,129.95,109.85
30-150,Remanufactured Impeller,129.95,109.85
30-151,Remanufactured Impeller,129.95,109.85
30-152,Remanufactured Impeller,129.95,109.85
30-153,Remanufactured Impeller,129.95,109.85
30-154,Remanufactured Impeller,129.95,109.85
30-155,Remanufactured Impeller,129.95,109.85
30-156,Remanufactured Impeller,129.95,109.85
30-157,Remanufactured Impeller,129.95,109.85
30-158,Remanufactured Impeller,129.95,109.85
30-159,Remanufactured Impeller,129.95,109.85
30-160,Remanufactured Impeller,129.95,109.85
30-220,Remanufactured Impeller,129.95,109.85
30-221,Remanufactured Impeller,129.95,109.85
30-222,Remanufactured Impeller,129.95,109.85
30-223,Remanufactured Impeller,129.95,109.85
30-223A,Remanufactured Impeller,129.95,109.85
30-224,Remanufactured Impeller,129.95,109.85
30-225,Remanufactured Impeller,129.95,109.85
30-225C,Remanufactured Impeller,129.95,109.85
30-226,Remanufactured Impeller,129.95,109.85
30-227,Remanufactured Impeller,129.95,109.85
30-228,Remanufactured Impeller,129.95,109.85
30-229,Remanufactured Impeller,129.95,109.85
30-229A,Remanufactured Impeller,129.95,109.85
30-229B,Remanufactured Impeller,129.95,109.85
30-230,Remanufactured Impeller,129.95,109.85
30-231,Remanufactured Impeller,129.95,109.85
30-232,Remanufactured Impeller,129.95,109.85
30-233,Remanufactured Impeller,129.95,109.85
30-234,Remanufactured Impeller,129.95,109.85
30-235,Remanufactured Impeller,129.95,109.85
30-236,Remanufactured Impeller,129.95,109.85
30-237,Remanufactured Impeller,129.95,109.85
30-238,Remanufactured Impeller,129.95,109.85
30-239,Remanufactured Impeller,129.95,109.85
30-240,Remanufactured Impeller,129.95,109.85
30-320,Remanufactured Impeller,129.95,109.85
30-321,Remanufactured Impeller,129.95,109.85
30-322,Remanufactured Impeller,129.95,109.85
30-323,Remanufactured Impeller,129.95,109.85
30-324,Remanufactured Impeller,129.95,109.85
30-325,Remanufactured Impeller,129.95,109.85
30-326,Remanufactured Impeller,129.95,109.85
30-327,Remanufactured Impeller,129.95,109.85
30-328,Remanufactured Impeller,129.95,109.85
30-329,Remanufactured Impeller,129.95,109.85
30-330,Remanufactured Impeller,129.95,109.85
30-331,Remanufactured Impeller,129.95,109.85
30-332,Remanufactured Impeller,129.95,109.85
30-420,Remanufactured Impeller,129.95,109.85
30-420A,Remanufactured Impeller,129.95,109.85
30-421,Remanufactured Impeller,129.95,109.85
30-422,Remanufactured Impeller,129.95,109.85
30-423,Remanufactured Impeller,129.95,109.85
30-424,Remanufactured Impeller,129.95,109.85
30-425,Remanufactured Impeller,129.95,109.85
30-426,Remanufactured Impeller,129.95,109.85
30-427,Remanufactured Impeller,129.95,109.85
30-428,Remanufactured Impeller,129.95,109.85
30-429,Remanufactured Impeller,129.95,109.85
30-430,Remanufactured Impeller,129.95,109.85
30-431,Remanufactured Impeller,129.95,109.85
30-432,Remanufactured Impeller,129.95,109.85
30-433,Remanufactured Impeller,129.95,109.85
30-434,Remanufactured Impeller,129.95,109.85
30-435,Remanufactured Impeller,129.95,109.85
30-436,Remanufactured Impeller,129.95,109.85
30-437A,Remanufactured Impeller,129.95,109.85
30-437B,Remanufactured Impeller,129.95,109.85
30-438,Remanufactured Impeller,129.95,109.85
30-439,Remanufactured Impeller,129.95,109.85
30-441,Remanufactured Impeller,129.95,109.85
30-442,Remanufactured Impeller,129.95,109.85
30-443,Remanufactured Impeller,129.95,109.85
30-444,Remanufactured Impeller,129.95,109.85
30-445,Remanufactured Impeller,129.95,109.85
30-446,Remanufactured Impeller,129.95,109.85
30-447,Remanufactured Impeller,129.95,109.85
30-448,Remanufactured Impeller,129.95,109.85
30-449,Remanufactured Impeller,129.95,109.85
30-450,Remanufactured Impeller,129.95,109.85
30-451,Remanufactured Impeller,129.95,109.85
30-452,Remanufactured Impeller,129.95,109.85
30-453,Remanufactured Impeller,129.95,109.85
30-454,Remanufactured Impeller,129.95,109.85
30-455,Remanufactured Impeller,129.95,109.85
30-456,Remanufactured Impeller,129.95,109.85
30-457,Remanufactured Impeller,129.95,109.85
30-458,Remanufactured Impeller,129.95,109.85
30-459,Remanufactured Impeller,129.95,109.85
30-460,Remanufactured Impeller,129.95,109.85
30-461,Remanufactured Impeller,129.95,109.85
30-520,Remanufactured Impeller,129.95,109.85
30-521,Remanufactured Impeller,129.95,109.85
30-522,Remanufactured Impeller,129.95,109.85
30-523,Remanufactured Impeller,129.95,109.85
30-523A,Remanufactured Impeller,129.95,109.85
30-524,Remanufactured Impeller,129.95,109.85
30-525,Remanufactured Impeller,129.95,109.85
30-526,Remanufactured Impeller,129.95,109.85
30-527,Remanufactured Impeller,129.95,109.85
30-528,Remanufactured Impeller,129.95,109.85
30-620,Remanufactured Impeller,129.95,109.85
30-621,Remanufactured Impeller,129.95,109.85
30-622,Remanufactured Impeller,129.95,109.85
30-623,Remanufactured Impeller,129.95,109.85
30-624,Remanufactured Impeller,129.95,109.85
30-625,Remanufactured Impeller,129.95,109.85
32-141-13-19,Sea-Doo ADONIS Impeller 13/19,179.95,139.85
32-141-14-20,Sea-Doo ADONIS Impeller 14/20,179.95,139.85
32-141-14-22,Sea-Doo ADONIS Impeller 14/22,179.95,139.85
32-322-13-23,Polaris ADONIS Impeller 13/23,169.95,129.85
32-421-12-21,Yamaha ADONIS Impeller 12/21,169.95,129.85
32-426-13-17,Yamaha ADONIS Impeller 13/17,169.95,129.85
32-426-14-18,Yamaha ADONIS Impeller 14/18,169.95,129.85
32-428-10-15,Yamaha ADONIS Impeller 10/15,169.95,129.85
32-452-15-14,Yamaha ADONIS Impeller 15/14,169.95,129.85
35-100K,Fuel Injector O Ring Kit,118.85,71.25
35-100S,Sea-Doo Fuel Injector O Ring Kit (1 eng.),11.85,6.95
35-100Y,Yamaha Fuel Injector O Ring Kit (1 eng.),11.85,6.95
35-115-22,Sea-Doo Spark Thermostat Cover,6.5,3.9
35-115T,Sea-Doo Spark Thermostat Kit,41.35,24.8
35-140-01,Needle & Seat for BN 38/44 SPR 2.0mm,10.45,6.25
35-160-01,"Diaphragm, Damper (Small Passage)",16.6,9.95
35-160-16,"Dull Silver Spring, Arm (95g)",2.15,1.3
35-162-675,Mikuni Low Speed Jet (Size 67.5),2.75,1.65
35-162-875,Mikuni Low Speed Jet (Size 87.5),2.75,1.65
35-163-105,Mikuni Low Speed Jet (Size 105.0),2.75,1.65
35-163-1075,Mikuni Low Speed Jet (Size 107.5),2.75,1.65
35-163-110,Mikuni Low Speed Jet (Size 110.0),2.75,1.65
35-163-120,Mikuni Low Speed Jet (Size 120.0),2.75,1.65
35-163-925,Mikuni Low Speed Jet (Size 92.5),2.75,1.65
35-163-975,Mikuni Low Speed Jet (Size 97.5),2.75,1.65
35-166-95,"Mikuni Dull Silver Spring, Arm (95g)",1.95,1.15
35-203-01,"Diaphragm, carburator",16.45,9.85
35-211-01,"Diaphragm, Carburetor",43.95,26.35
35-211-02,"Gasket, Diaphragm Cover",7.3,4.35
35-301,Polaris Add-On Fuel Pump Kit,83.8,50.25
36-300,Aftermarket Steering System Bearing Kit,24.85,14.85
36-600,Honda Oil Filter,14.6,8.75
37-001-5K,Sea-Doo Spark Shim Kit,117.95,70.75
38-155,SBT  Blue Shirt Long Sleeve,15.95,11.5
38-155S,SBT SS Blue Work Shirt     ,10.95,7.95
38-200B,"SBT Piston T-Shirt, Black",17.95,13.95
38-200W,"SBT Piston T-Shirt, White",17.95,13.95
38-300B,"Flex fit hat with SBT logo, black",17.95,14.95
38-300BU,"Flex fit hat with SBT logo, blue",17.95,14.95
39-112-01,"Sea-Doo Switch Knob, Red",9.25,5.35
39-115,Sea-Doo Spark Starter,112.95,67.75
39-416,Yamaha 1050 Starter    ,171.75,102.95
40038M10000,"Wiseco - Seadoo 05-15 RXP, RXP-X, RXT, RXT-X          ",168.15,134.93
40048M08300,"Wiseco - Kawasaki '09-10 Ultra 260LX, X - STD",142.5,114.35
40049M08600,"Wiseco - Yamaha 2008-17 FZR, FZS, FX, SHO STD.        ",168.15,134.93
40051M07600,Wiseco - Yamaha VX1050 '05-12 STD.,159.48,126.42
40052M08300,"Wiseco - Kawasaki  Ultra LX, STX 15-F, STX STD.",142.5,114.35
40079M08300,Wiseco -  Kawasaki 2011-12 Ultra 300 STD.             ,142.5,114.35
40-101O,Sea-Doo 587 Yellow Oval,695.95,575
40-101P,Sea-Doo 587 Yellow Pipe,695.95,575
40-111C,Sea-Doo 951 DI 5 port cast fitting  Grey Injector,1899.95,1707.3
40-112A,Sea-Doo GTX 4-TEC 2006-2008,2239.95,1903.2
40-112C,Sea-Doo GTX 4-TEC 2009 and up (VC with Tabs),2239.95,1903.2
40-112D,Sea-Doo 4-TEC 2016 and up (1653 case),2239.95,1903.2
40-113A,Sea-Doo 4-TEC SC 2006 & Up,2798.95,2249.85
40-113C,Sea-Doo 4-TEC SC 2009 & Up (VC with Tabs & IS),2798.95,2249.85
40-113D,Sea-Doo 4-TEC SC 2016 and up (1653 case),2798.95,2249.85
40-114D,Sea-Doo 4 TEC GTI 130 2016 and up (1653 case),2239.95,1903.2
40-116,Sea-Doo 300,2798.95,2249.85
40-202B,Kawasaki 550 91-95 Reed,899.95,778.95
40-203B,Kawasaki 650X2 20mm 86-95 X2,695.95,575
40203M08300,Wiseco - Kawasaki '14-17 Ultra 310X/LX/R STD.         ,142.5,114.35
40-212,Kawasaki 1100 DI,1779.95,1658.4
40-301NP,Polaris 650NP,798.95,670.85
40-301P,Polaris 650P,798.95,670.85
40-302H,Polaris 700H,899.95,778.95
40-302S,Polaris 700 6mm Stator  (2000 and up),899.95,778.95
40-303NP,Polaris 750NP,787.95,670.85
40-303P,Polaris 750 Pipe,787.95,670.85
40-306H,Polaris1050 ('96-'97 SLTX and '97 SL ),1149.95,998.95
40-401L,Yamaha 650LX (2 Piece Head),695.95,575
40-403,Yamaha 760,899.95,778.95
40-408A,Yamaha FX140 with dimples for oil,2239.95,1903.2
40-408B,Yamaha FX140 with slots for oil,2239.95,1903.2
40-412,"Yamaha1.8L Supercharged (sm. plate, no breater hole)",3998.95,3359.95
40-412A,"Yamaha 1.8L Supercharged (big plate, no breather)",3998.95,3359.95
40-412B,"Yamaha 1.8L Supercharged (new small plate, no hole)",3998.95,3359.95
40-414A,"Yamaha 1.8L N/A (small plate, no breather hole)",3798.95,3145
40-414B,"Yamaha 1.8L N/A (big plate, no breather hole)",3798.95,3145
40-414C,Yamaha1.8L N/A (small earth plate with breather),3798.95,3145
40-415,Yamaha 1.8l Engine  FX SVHO,3998.95,3359.95
40-417A,"Yamaha 1.8L N/A (small plate, no breather hole)",3798.95,3145
40-417B,"Yamaha 1.8L N/A (big plate, no breather hole)",3798.95,3145
40-418A,"Yamaha1.8L Supercharged(sm.plate, no breater hole) Upg",3998.95,3359.95
40-418B,"Yamaha 1.8L Supercharged(big plate, no breather) Upgr",3998.95,3359.95
40-501C,Tigershark 640 24mm,899.95,778.95
40-503B,TS 900 24mm  has bullet stye coupler,1799.95,1658.4
41-112-05,Sea-Doo Flywheel Cover Gasket,19.7,11.85
41-112-44,Sea-Doo N.A. and SC Oil Pump O Ring,0.9,0.55
41-112-45,Sea-Doo 4-Tec Water Pump Gasket,12.35,7.45
41-112-46,Sea-Doo N.A. and SC Gasket,2.75,1.65
41-115,Sea-Doo Spark Installation Gasket Kit,56.25,33.75
41-210-01K,"Kawasaki 900, 1100 Carburetor Base Gasket Kit",9.6,5.8
41-213-32,O-Ring Injection Nozzle,1.2,0.75
41-216,Kawasaki 300X/310X Installation Kit,112.65,67.55
41-410-29,VX 110 Oil Pump Outer O Ring,8.5,5.1
41-410-30,VX 110 Oil Pump Inner O Ring,8.5,5.1
41-411-11,FX HO Oil Pump Assembly Gasket,20.35,12.25
41-412A,Yamaha 1.8L SHO External Gasket Kit,236.44625,141.85
41-412A-03,Yamaha 1.8l SVHO Exhaust Pipe Gasket,30.9,18.55
41-412B,Yamaha 1.8L SHO External Gasket Kit,236.44625,141.85
41-412C,Yamaha 1.8L SHO External Gasket Kit,236.44625,141.85
41-414A,Yamaha 1.8L N/A External Gasket Kit,236.44625,141.85
41-414A-02,Yamaha 1.8l Manifold Gasket,2.4,1.45
41-416,Yamaha 1050 EX Installation Gasket Kit,66.45,39.85
41-416-02,Yamaha 1050 Intake gasket,14.85,8.95
41-416-03,Yamaha 1050 Exhaust Monifold Gaskets,32.05,19.25
41-416-04,Yamaha 1050 Exhaust Pipe Gasket,7.35,4.45
41-416-05,Yamaha 1050 Crankcase Cover Gasket,14.85,8.95
41-416-11,Yamaha 1050 Oil Pump Gasket,3.15,1.9
41-416-28,Yamaha 1050 oil pickup gasket,2.25,1.35
41-416-29,Yamaha 1050 secondary oil pickup gasket,2.25,1.35
41-416-35,Yamaha 1050 oil drain gasket,1.6,1
41-416A,Yamaha 1050 VX Installation Gasket Kit,66.45,39.85
41-601-04,Honda R-12X/F-12X Turbo Muffler Gasket,17.85,10.75
42-101-20,"Sea-Doo 580 (1), formerly SL1",8.35,5.05
42-101-21,"Sea-Doo 580 (1), 650 (2), 720 (2)",8.5,5.1
42-107-12,Counter Shaft Seal,24.65,14.8
42-107-13,Counter Balance Shaft O'Ring,3.6,2.2
42-107-14,Rave Valve O'Ring VITON,2,1.2
42-107-20,"Sea-Doo 800 (2), formerly SL3",16.6,10
42-108-20,Sea-Doo 951 (33 x 72 x 8.5),16.6,10
42-108-21,Sea-Doo 951 (45 x 87 x 6.5),16.6,10
42-115-07,Sea-Doo Spark Sealing O'ring,3.05,1.85
42-115-34,"Bolt Seal Washer, Spark",4.85,2.95
42-115-36,"Sealing Washer, Spark",3.35,2.05
42-116-02,Sea-Doo 300 Cylinder Head Gasket,107.15,64.3
42-216A-02,Kawasaki Ultra 310X/310LX Head Gasket,121.3,72.8
42-416-02,Yamaha 1050 Head Gasket,98.35,58.95
42-416-04,Yamaha 1050 Oil Seal,8.65,5.2
42-416-05,Yamaha 1050 Oil Seal,10.35,6.2
42-416-08,Yamaha 1050 Valve Cover Gasket,16.6,10
42-416-27,Yamaha 1050 Plate gasket,5,3
42-416-31,Yamaha 1050 Oil Pipe O'Ring,0.7,0.45
42-416-37,Yamaha 1050 chain tensioner gasket,3.85,2.35
42-416-39,Yamaha 1050 oil filler cap o-ring,3.35,2.05
42-416-41,Yamaha 1050 oil tank/cooler gasket,4.85,2.95
44-101,Sea-Doo 587 SLEEVE,85.9,51.5
44-112A,Sea-Doo 4-Stroke Sleeve (No Lip),96.65,57.95
44-213A,Kawasaki STX 12F/15F Sleeve,107.4,64.4
44-408A,Yamaha 4-stroke sleeve (No Lip),96.65,57.95
44-410A,Yamaha FX HO/VX 110 Sleeve (No Lip),108.95,65.35
44-412,Yamaha 1.8 Sleeve,108.95,65.35
45-001,Marine 20 Amp Ultima Auto Bilge Control Switch,45.65,27.15
45-112-03,'04-'05 RXP/RXT Outer Rotor,28.95,17.35
45-112-20K,Sea-Doo 4 Stroke Output Sleeve Kit,95.85,57.4
45-115-01,"Sea-Doo Spark Oil Pump Gear, 29 Teeth",8.4,5
45-115-01A,"Sea-Doo Spark Idle Gear, 22 Teeth",15.6,9.35
45-115-05,"Sea-Doo Spark Oil Pump Gear, 28Teeth",8.4,5
45-115-09,Sea-Doo Spark Water Pump Seal,24.45,14.65
45-115-10,Sea-Doo Spark Rubber Grommet,4.8,2.85
45-115-15,Water Pump Shaft,20,12
45-115-18,Water Pump Thrust Washer,5.65,3.35
45-115P,Sea-Doo 900 ACE Primary Oil Pump Kit (Pressure Pump),79.15,47.45
45-115S,Sea-Doo 900 ACE Secondary Oil Pump Kit (Suction Pump),153.9,92.3
45-211-10K,Kawasaki 1200 Reed Replacement Set,95.55,57.3
45-212-10K,Kawasaki 1100DI Reed Replacement Set,95.55,57.3
45-301-10K,Polaris650/750/780 Reed Replacement Set,107.25,64.35
45-305-10K,Polaris900/1050/1200 Reed Replacement Set,77.65,46.55
45-401-10K,Yamaha 650 Reed Replacement Set,89.95,53.95
45-402T-10K,Yamaha 701T Reed Replacement Set,112.65,67.55
45-402X-10K,Yamaha 701X Reed Replacement Set,112.65,67.55
45-404-10K,Yamaha 1100 Reed Replacement Set,127.95,76.75
45-405-10K,Yamaha 1200 Reed Replacement Set,101.35,60.8
45-406-10K,Yamaha 800 Reed Replacement Set,95.55,57.3
45-409-10K,Yamaha 1300 Reed Replacement Set,117.95,70.75
45-501-06,Drive Shaft Bumper,4.85,2.85
45-503-10K,Tigershark 900/1000 Reed Replacement Set,84.35,50.6
46-107-09,Rave Spring,5.55,3.33
46-107-10C,Cut Exhaust Valve Sea-Doo 800,73.3,43.95
46-107-10X,"+0.015"" Exhaust Valve Sea-Doo 800",78.3,46.9
46-107-10XC,"Cut +0.015"" Exhaust Valve Sea-Doo 800",79.8,47.85
46-109-10C,Cut Exhaust Valve for Sea-Doo 951,73.3,43.95
46-110-10C,Cut Exhaust Valve Sea-Doo 787 RFI,73.3,43.95
46-111-10C,Cut Exhaust Valve Sea-Doo 951 DI,73.3,43.95
46-112-06,Spark Plug Tube,21.2,12.65
46-112-70,Sea-Doo 4 tech intake valve seat,10.15,6.05
46-112-75,"Rocker Arm, Intake (3/eng)",127.6,76.45
46-112-80,Sea-Doo 4 tech exhaust valve seat,11.3,6.7
46-112-85,"Rocker Arm, Exhaust (6/eng)",106.3,63.75
46-114-30,Sea-Doo GTI 130 4-Stroke Cam Shaft,473.75,283.95
46-115-17,"Sea-Doo Spark Camshaft Sprocket, 40 Teeth",16.85,9.95
46-115-23,Sea-Doo Spark Chain Tensioner Assembly,40.85,24.5
46-115-30A,Sea-Doo Spark Intake Camshaft,138.25,82.9
46-115-30B,Sea-Doo Spark Exhaust Camshaft,140.9,84.5
46-115-63,"Valve Spring Retainer, Spark",4.5,2.7
46-115-73,Sea-Doo Spark Valve Spring,6.1,3.66
46-115-74,Sea-Doo Spark intake/exhaust valve guide,11.1,6.6
46-116-40,Sea-Doo 300 Oil Spray Nozzle,18.75,11.2
46-213-23,Kawasaki Chain Tensioner Assy.,109.5,65.6
46-213-70,Kawasaki Intake Seat,15.7,9.4
46-213-80,Kawasaki Exhaust Seat,20.15,12.05
46-214A-22,Kawasaki STX 15F 2007 and up Oil Pump Drive Chain,24.4,14.6
46-214A-31,Kawasaki STX 15F 2007 and up Timing Chain,72.25,43.25
46-216-31,"Kawasaki Ultra 300X, 300LX, 310X, 310LX Timing Chain",112.7,67.6
46-402-25,Anode     ,4.2,2.498734177
46-402-25S,"Anode, set of two          ",7.95,4.77
46-404-25S,"Anode, set of three                        ",11.65,6.95
46-406-25,Yamaha FX140 Intake Cam Shaft,7.4,4.418705036
46-406-25S,Yamaha FX 140 Exhaust Cam Shaft,13.75,8.2
46-407-25S,Yamaha 4-Stroke Timing Chain,20.15,12.05
46-408-17,Yamaha 4-Stroke Guide Stopper 2,60.65,36
46-412-17,"Sprocket, Cam Chain",60.3,36.1
46-412A-30A,Yamaha SHO Intake Camshaft,354.45,212.6
46-412A-30B,Yamaha SHO Exhaust Camshaft,354.45,212.6
46-415-17,"Sprocket, Cam Chain",32.95,19.7
46-415-30B,Yamaha 1.8L Exhaust Camshaft 2014-2018,354.45,212.6
46-415-31,Yamaha 1.8l Chain 2016 and up,66.9,40.05
46-415-33,Yamaha 1.8L Damper Chain 2,55.75,33.45
46-415-34,Yamaha 1.8L Damper Chain 1,42,25.15
46-415K,Yamaha 1.8L Upgrade Kit,1088.85,649.85
46-415KC,Yamaha 1.8L Upgrade Kit (with cams),1595.85,947.8
46-416-17,Yamaha 1050 Camshaft Sprocket,22.3,13.35
46-416-22,Yamaha 1050 Oil Pump Chain,4.5,2.7
46-416-23,Yamaha 1050 Chain Tensioner Assembly,68,40.75
46-416-30A,Yamaha 1050 Intake Camshaft,145.7,87.1
46-416-30B,Yamaha 1050 Exhaust Camshaft,145.7,87.1
46-416-31,Yamaha 1050 Timing Chain,30.7,18.35
46-416-33,Yamaha 1050 Damper Chain 2,40.9,24.4
46-416-34,Yamaha 1050 Damper Chain 1,16.85,9.95
46-416-53,Yamaha 1050 Valve Spring Retainer,2.2,1.30952381
46-416-54,Yamaha 1050 Valve Spring Seat,1.25,0.833333333
46-416-71,Yamaha 1050 Intake Engine Valve,14.5,8.65
46-416-73,Yamaha 1050 Valve Spring,5.55,3.33
46-416-74,Yamaha 1050 intake valve guide,28.15,16.85
46-416-81,Yamaha 1050 Exhaust Engine Valve,27.1,16.2
46-416-84,Yamaha 1050 exhaust valve guide,34,20.35
46-417KC,Yamaha 1.8L Upgrade Kit (with cams),1595.85,947.8
46-418KC,Yamaha 1.8L Upgrade Kit (with cams),1595.85,947.8
47-101-0,Sea-Doo 587 Yellow & White Standard Piston Kit,92.95,55.75
47-101-1,Sea-Doo 587 Yellow & White  .5MM Piston Kit,92.95,55.75
47-101-2,Sea-Doo 587 Yellow & White 1MM Piston Kit,92.95,55.75
47-101-3,Sea-Doo 587 Yellow & White 1.5MM Piston Kit,92.95,55.75
47-103-0,Sea-Doo 657/657X Standard Piston Kit,109.95,65.95
47-103-1,Sea-Doo 657/657X .5MM Piston Kit,109.95,65.95
47-103-2,Sea-Doo 657/657X 1MM Piston Kit,109.95,65.95
47-103-3,Sea-Doo 657 /657X 1.5MM Piston Kit,109.95,65.95
47-105-0,Sea-Doo 717 Standard Piston Kit,109.95,65.95
47-105-1,Sea-Doo 717 .5MM Piston Kit,109.95,65.95
47-105-2,Sea-Doo 717 1MM Piston Kit,109.95,65.95
47-105-3,Sea-Doo 717 1.5MM Piston Kit,109.95,65.95
47-107-0,Sea-Doo 787/787RFI Standard Piston Kit,109.95,65.95
47-107-1,Sea-Doo 787/787RFI .5MM Piston Kit,109.95,65.95
47-107-2,Sea-Doo 787/787RFI 1MM Piston Kit,109.95,65.95
47-107-3,Sea-Doo 787/787 RFI 1.5MM Piston Kit,109.95,65.95
47-108-0,Sea-Doo 951White & Silver Standard Piston Kit,118.95,71.35
47-108-1,Sea-Doo 951White & Silver .5MM Piston Kit,118.95,71.35
47-108-2,Sea-Doo 951 White & Silver 1MM Piston Kit,118.95,71.35
47-108-3,Sea-Doo 951 White & Silver 1.5MM Piston Kit,118.95,71.35
47-111-0,Sea-Doo 951 DI Standard Piston kit,118.95,71.35
47-111-1,Sea-Doo 951 DI Piston kit .5mm,118.95,71.35
47-111-2,Sea-Doo 951 DI Piston Kit 1.0mm,118.95,71.35
47-111-3,Sea-Doo 951 DI Piston Kit 1.5mm,118.95,71.35
47-112-0,Sea-Doo GTX 4-TEC Standard Piston and Ring Set,135.95,81.55
47-113-0,Sea-Doo GTX 4-TEC SC/RXP Standard Piston and Ring Set,218.95,131.35
47-113-1,Sea-Doo GTX 4-TEC SC/RXP .5mm Piston and Ring Set,218.95,131.35
47-115-0,Sea-Doo Spark Standard Piston Kit,153.95,92.35
47-116-0,Sea-Doo 300 Standard Piston Kit,218.95,131.35
47-202-0,Kawasaki 550 Standard Piston Kit single ring applicati,87.95,52.75
47-202-2,Kawasaki 550 1MM Piston Kit single ring application,87.95,52.75
47-203-0,Kawasaki 650 Standard Piston Kit,87.95,52.75
47-203-2,Kawasaki 650 1MM Piston Kit,87.95,52.75
47-205-0,Kawasaki 750 Standard Piston Kit (92-94),97.95,58.75
47-205-1,Kawasaki 750 .5MM Piston Kit (92-94),97.95,58.75
47-205-2,Kawasaki 750 1MM Piston Kit (92-94),97.95,58.75
47-205-3,Kawasaki 750 1.5MM Piston Kit (92-94),97.95,58.75
47-207-0,Kawasaki 750BP/1100 Standard Piston Kit (95 & Up),97.95,58.75
47-207-1,Kawasaki 750BP/1100 .5MM  Piston Kit (95 & Up),97.95,58.75
47-207-2,Kawasaki 750BP/1100 1MM Piston Kit (95 & Up),97.95,58.75
47-207-3,Kawasaki 750BP/1100 1.5MM Piston Kit (95 & Up),97.95,58.75
47-208-0,Kawasaki 800SX-R Standard Piston Kit,97.95,58.75
47-208-1,Kawasaki 800 SX-R .5MM Piston Kit,97.95,58.75
47-208-2,Kawasaki 800 SX-R 1MM Piston Kit,97.95,58.75
47-209-0,Kawasaki 900 Standard Piston Kit,97.95,58.75
47-209-1,Kawasaki 900 .5mm Piston Kit,97.95,58.75
47-209-2,Kawasaki 900 1.0mm Piston Kit,97.95,58.75
47-209-3,Kawasaki 900 1.5mm Piston Kit,97.95,58.75
47-211-0,Kawasaki 1200  Ultra Standard Piston Kit,104.95,62.95
47-211-1,Kawasaki 1200 Ultra  .5MM Piston Kit,104.95,62.95
47-212-0,Kawasaki 1100 DI Standard Piston Kit,104.95,62.95
47-212-1,Kawasaki 1100 DI Piston Kit .5mm,104.95,62.95
47-212-2,Kawasaki 1100 DI Piston Kit 1.0mm,104.95,62.95
47-212-3,Kawasaki 1100 DI Piston Kit 1.5mm,104.95,62.95
47-216-0,"Kawasaki Ultra 300, 310 Standard Piston Kit",129.95,77.95
47-301-0,Polaris650 Standard Piston Kit,109.95,65.95
47-301-1,Polaris650 .5MM Piston Kit,109.95,65.95
47-301-2,Polaris650 1MM Piston Kit,109.95,65.95
47-301-3,Polaris650 1.5MM Piston Kit,109.95,65.95
47-302-0,Polaris700/1050  Standard Piston Kit,109.95,65.95
47-302-1,Polaris700/1050  .5MM Piston Kit,109.95,65.95
47-302-2,Polaris700/1050  1MM Piston Kit,109.95,65.95
47-302-3,Polaris700/1050  1.5MM Piston Kit,109.95,65.95
47-303-0,Polaris750 Standard Piston Kit,109.95,65.95
47-303-1,Polaris750 .5MM Piston Kit,109.95,65.95
47-303-2,Polaris750 1MM Piston Kit,109.95,65.95
47-303-3,Polaris750 1.5MM Piston Kit,109.95,65.95
47-304-0,Polaris780 Standard Piston Kit,109.95,65.95
47-304-1,Polaris780 .5MM Piston Kit,109.95,65.95
47-304-2,Polaris780 1MM Piston Kit,109.95,65.95
47-304-3,Polaris780 1.5MM Piston Kit,109.95,65.95
47-305-0,Polaris900 Standard Piston Kit,109.95,65.95
47-305-2,Polaris900 1MM Piston Kit,109.95,65.95
47-307-0,Polaris1200 Piston Kit Standard,109.95,65.95
47-307-1,Polaris1200 Piston Kit .5mm,109.95,65.95
47-307-2,Polaris1200 Piston Kit 1.0mm,109.95,65.95
47-307-3,Polaris1200 Piston Kit 1.5mm,109.95,65.95
47-400-0,Yamaha 500 Standard Piston Kit,86.95,52.15
47-400-2,Yamaha 500 1MM Piston Kit,86.95,52.15
47-401-0,Yamaha 650 Standard Piston Kit,86.95,52.15
47-401-2,Yamaha 650 1MM Piston Kit,86.95,52.15
47-402-0,Yamaha 700/1100 Standard Piston Kit,108.95,65.35
47-402-1,Yamaha 700/1100 .5MM Piston Kit,108.95,65.35
47-402-2,Yamaha 700/1100 1MM Piston Kit,108.95,65.35
47-402-3,Yamaha 700/1100 1.5MM Piston Kit,108.95,65.35
47-403-0,Yamaha 760/1200 Standard Piston Kit,108.95,65.35
47-403-1,Yamaha 760/1200 .5MM Piston Kit,108.95,65.35
47-403-2,Yamaha 760/1200 1MM Piston Kit,108.95,65.35
47-403-3,Yamaha 760/1200 1.5MM Piston Kit,108.95,65.35
47-406-0,Yamaha 800 Standard Piston Kit,108.95,65.35
47-406-1,Yamaha 800 .5MM Piston Kit,108.95,65.35
47-407-0,Yamaha 1200PV Standard Piston Kit,108.95,65.35
47-407-1,Yamaha 1200R .5MM Piston Kit,108.95,65.35
47-411-1,Yamaha FX HO/VX 110 .5mm over Piston and Ring Kit,109.95,65.95
47-411-2,Yamaha FX HO/VX 110 1mm over Piston and Ring Kit,109.95,65.95
47-415-0,Yamaha 1.8l Piston Kit (2014 and up),141.95,85.15
47-415-1,Yamaha 1050 Standard Piston Kit,141.95,85.15
47-416-0,Yamaha 1050 Standard Piston Kit                       ,108.95,65.35
47-501-0,Tigershark 640 Standard Piston Kit,109.95,65.95
47-501-2,Tigershark 640 1MM Piston Kit,109.95,65.95
47-502-0,Tigershark 770 Standard Piston Kit,109.95,65.95
47-502-2,Tigershark 770 1MM Piston Kit,109.95,65.95
47-503-0,Tigershark 900 Standard Piston Kit,114.95,68.95
47-503-2,Tigershark 900 1MM Piston Kit,114.95,68.95
47-504-0,Tigershark 1000 1MM Piston Kit,114.95,68.95
47-504-2,Tigershark 1000 1MM Piston Kit,114.95,68.95
47C-101,Sea-Doo 587 Piston Clip,2.0895,1.25
47C-103,Sea-Doo 657/657X Piston Clip,2.0895,1.25
47C-105,Sea-Doo 717 Piston Clip,2.0895,1.25
47C-107,Sea-Doo 787/787RFI Piston Clip,2.0895,1.25
47C-108,Sea-Doo 951 White & Silver Piston Clip,2.0895,1.25
47C-111,Sea-Doo 951DI Piston Clip,2.0895,1.25
47C-112,Sea-Doo 4-TEC. Piston Clip,2.0895,1.25
47C-113,Sea-Doo GTX 4-TEC. SC/RXP Piston Clip,2.0895,1.25
47C-202,Kawasaki 550 Piston Clip,2.0895,1.25
47C-203,Kawasaki 650 Piston Clip,2.0895,1.25
47C-205,Kawasaki 750 Piston Clip Small Pin,2.0895,1.25
47C-207,Kawasaki 750BP/1100 Piston Clip,2.0895,1.25
47C-209,Kawasaki 900 Piston Clip,2.0895,1.25
47C-211,Kawasaki Ultra 150 Piston Clip,2.0895,1.25
47C-212,Kawasaki 1100DI Piston Clip,2.0895,1.25
47C-213,Kawasaki STX 12F Piston Clip,2.0895,1.25
47C-214,Kawasaki STX 15F Piston Clip,2.0895,1.25
47C-301,Polaris650 Piston Clip,2.0895,1.25
47C-302,Polaris700/1050 Piston Clip,2.0895,1.25
47C-303,Polaris750 Piston Clip,2.0895,1.25
47C-304,Polaris780 Piston Clip,2.0895,1.25
47C-305,Polaris900 Piston clip,2.0895,1.25
47C-307,Polaris1200 Piston Clip,2.0895,1.25
47C-400,Yamaha 500 Piston Clip,2.0895,1.25
47C-401,Yamaha 650 Piston Clip,2.0895,1.25
47C-402,Yamaha 701/1100 Piston Clip,2.0895,1.25
47C-403,Yamaha 760/1200 Piston Clip,2.0895,1.25
47C-406,Yamaha 800 Piston Clip,2.0895,1.25
47C-407,Yamaha 1200R Piston Clip,2.0895,1.25
47C-408,Yamaha 4-Stroke Piston Clip,2.0895,1.25
47C-409,Yamaha 1300PV Piston Clip,2.0895,1.25
47C-411,Yamaha FX HO/VX 110 Piston Clip,2.0895,1.25
47C-412,Yamaha SHO 1.8l Standard Piston Clip,2.0895,1.25
47C-501,Tigershark 640 Piston Clip,2.0895,1.25
47C-502,Tigershark 770 Piston Clip,2.0895,1.25
47C-503,Tigershark 900 Piston Clip,2.0895,1.25
47C-504,Tigershark 1000 Piston Clip,2.0895,1.25
47C-600,Honda Non Turbo Piston Clip,2.0895,1.25
47C-601,Honda Turbo Piston Clip,2.0895,1.25
47W-415,Yamaha 1.8l Piston Wire Circlip,2.0895,1.25
48-115,Sea-Doo Spark Complete Gasket Kit,269.95,161.95
48-116,Sea-Doo 300 Complete Gasket Kit,163.95,98.35
48-216,Kawasaki 300X/310X Complete Gasket Kit,229.95,137.95
48-412A,Yamaha SHO 1.8l Complete Gasket Kit,318.95,191.35
48-412B,Yamaha SHO 1.8l Complete Gasket Kit,318.95,191.35
48-416,Yamaha 1050 EX Complete Gasket Kit,173.95,104.35
48-416A,Yamaha 1050 VX Complete Gasket Kit,173.95,104.35
49-101-0,Sea-Doo 587 Yellow & White Standard Ring Set,36.75,22.05
49-101-1,Sea-Doo 587 Yellow & White .5MM Rings,36.75,22.05
49-101-2,Sea-Doo 587 Yellow & White 1MM Rings,36.75,22.05
49-101-3,Sea-Doo 587 Yellow & White 1.5MM Rings,36.75,22.05
49-103-0,Sea-Doo 657/657X  Standard Ring Set,36.75,22.05
49-103-1,Sea-Doo 657/657X  .5MM Rings,36.75,22.05
49-103-2,Sea-Doo 657/657X  1MM Rings,36.75,22.05
49-103-3,Sea-Doo 657/657X  1.5MM Rings,36.75,22.05
49-105-0,Sea-Doo 717 Standard Ring Set,36.75,22.05
49-105-1,Sea-Doo 717 .5MM Rings,36.75,22.05
49-105-2,Sea-Doo 717 1MM Rings,36.75,22.05
49-105-3,Sea-Doo 717 1.5MM Rings,36.75,22.05
49-107-0,Sea-Doo 787/787RFI  Standard Ring Set,36.75,22.05
49-107-1,Sea-Doo 787/787RFI  .5MM Ring,36.75,22.05
49-107-2,Sea-Doo 787/787RFI  1MM Rings,36.75,22.05
49-107-3,Sea-Doo 787/787RFI  1.5MM Rings,36.75,22.05
49-108-0,Sea-Doo 951 White & Silver Standard Ring Set,36.75,22.05
49-108-1,Sea-Doo 951 White & Silver .5MM Rings,36.75,22.05
49-108-2,Sea-Doo 951 White & Silver 1MM Rings,36.75,22.05
49-108-3,Sea-Doo 951 White & Silver 1.5MM Rings,36.75,22.05
49-111-0,Sea-Doo 951 DI Ring Set Standard,36.75,22.05
49-111-1,Sea-Doo 951 DI Ring Set .5mm,36.75,22.05
49-111-2,Sea-Doo 951 DI Ring Set 1mm,36.75,22.05
49-111-3,Sea-Doo 951 DI Ring Set 1.5mm,36.75,22.05
49-112-0,Sea-Doo GTX 4-TEC Standard Ring Set,42.25,25.35
49-112-1,Sea-Doo GTX 4-TEC .5mm Ring Set,42.25,25.35
49-116-0,"Sea-Doo 300 Piston Ring Set, Standard",42.25,25.35
49-201-1,Kawasaki 440 .5MM Rings,36.75,22.05
49-201-2,Kawasaki 440 1MM Rings,36.75,22.05
49-202-0,Kawasaki 550 Standard Ring (single ring),36.75,22.05
49-202-2,Kawasaki 550 1MM Rings,36.75,22.05
49-203-0,Kawasaki 650 Standard Ring Set,36.75,22.05
49-203-2,Kawasaki 650 1.00 MM Rings,36.75,22.05
49-205-0,Kawasaki 750 / 1100 Standard Rings,36.75,22.05
49-205-1,Kawasaki 750 / 1100 .5MM Rings,36.75,22.05
49-205-2,Kawasaki 750/1100  1MM Rings,36.75,22.05
49-205-3,Kawasaki 750 / 1100 1.5MM Rings,36.75,22.05
49-208-0,Kawasaki 800 SX-R Standard Piston Ring Set,36.75,22.05
49-208-1,Kawasaki 800 SX-R .5MM Piston Ring Set,36.75,22.05
49-208-2,Kawasaki 800 SX-R 1MM Piston Ring Set,36.75,22.05
49-209-0,Kawasaki 900 Standard Ring Set,36.75,22.05
49-209-1,Kawasaki 900 .5mm Ring Set,36.75,22.05
49-209-2,Kawasaki 900 1.0MM Ring Set,36.75,22.05
49-209-3,Kawasakiaski 900 1.5mm Ring Set,36.75,22.05
49-211-0,Kawasaki 1200 Standard Ring Set,36.75,22.05
49-211-1,Kawasaki 1200 .5MM Rings,36.75,22.05
49-212-0,Kawasaki 1100 DI Standard Ring Set,36.75,22.05
49-212-1,Kawasaki 1100 DI Ring Set .5mm,36.75,22.05
49-212-2,Kawasaki 1100 DI Ring Set 1mm,36.75,22.05
49-212-3,Kawasaki 1100 DI Ring Set 1.5mm,42.25,25.35
49-301-0,Polaris650 Standard Ring Set,42.25,25.35
49-301-1,Polaris650 .5MM Ring Set,42.25,25.35
49-301-2,Polaris650 1MM Ring Set,42.25,25.35
49-301-3,Polaris650 1.5MM Ring Set,36.75,22.05
49-302-0,Polaris700/1050 Standard Rings,36.75,22.05
49-302-1,Polaris700/1050 .5MM Rings,36.75,22.05
49-302-2,Polaris700/1050 1MM Rings,36.75,22.05
49-302-3,Polaris700/1050 1.5MM Rings,36.75,22.05
49-303-0,Polaris750 Standard Rings,36.75,22.05
49-303-1,Polaris750 .5MM Rings,36.75,22.05
49-303-2,Polaris750 1MM Rings,36.75,22.05
49-303-3,Polaris750 1.5MM Rings,36.75,22.05
49-304-0,Polaris780 Standard Rings,36.75,22.05
49-304-1,Polaris780 .5MM Rings,36.75,22.05
49-304-2,Polaris780 1MM Rings,36.75,22.05
49-304-3,Polaris780 1.5MM Rings,36.75,22.05
49-305-0,Polaris900 Standard Rings,36.75,22.05
49-307-0,Poalris 1200 Standard Ring Set,36.75,22.05
49-307-1,Poalris 1200 Ring Set .5mm,36.75,22.05
49-307-2,Polaris1200 Ring Set 1mm,36.75,22.05
49-307-3,Polaris1200 Ring Set 1.5mm,36.75,22.05
49-400-0,Yamaha 500 Standard Rings,36.75,22.05
49-400-2,Yamaha 500 1MM Ring Set,36.75,22.05
49-401-0,Yamaha 650 Standard Rings,36.75,22.05
49-401-2,Yamaha 650 1MM Ring Set,36.75,22.05
49-402-0,Yamaha 700/1100 Standard Ring Set,36.75,22.05
49-402-1,Yamaha 700/1100 .5MM Ring Set,36.75,22.05
49-402-2,Yamaha 700/1100 1MM Ring Set,36.75,22.05
49-402-3,Yamaha 700/1100  1.5MM Ring Set,36.75,22.05
49-406-1,Yamaha 800 .5MM Ring Set,36.75,22.05
49-407-0,Yamaha 1200PV Standard Ring Set,36.75,22.05
49-407-1,Yamaha 1200PV .5MM  Ring Set,36.75,22.05
49-416-0,Yamaha 1050 Standard Ring Set,31.4,18.85
49-501-0,Tigershark 640 Standard Ring Set,36.75,22.05
49-501-2,Tigershark 640 1MM Ring Set,36.75,22.05
49-502-0,Tigershark 770 Standard Rings,36.75,22.05
49-502-2,Tigershark 770 1MM Ring Set,36.75,22.05
49-503-0,Tigershark 900 Standard Rings,36.75,22.05
49-503-2,Tigershark 900 1MM Ring Set,36.75,22.05
49-504-0,Tigershark 1000 Standard Rings,36.75,22.05
49-504-2,Tigershark 1000 1MM Ring Set,36.75,22.05
516M07500,Wiseco - Kawasaki JS550 '82-88 ProLite STD.           ,111.25,86.09
516M07550,Wiseco - Kawasaki JS550 '82-88 ProLite 0.50mm         ,111.25,86.09
516M07600,Wiseco - Kawasaki JS550 '82-88 ProLite 1.0mm          ,111.25,86.09
516M07650,Wiseco - Kawasaki JS550 '82-88 ProLite 1.50mm         ,117.18,94.04
516M07700,Wiseco - Kawasaki JS550 '82-88 ProLite                ,117.18,94.04
54-112H,Sea-Doo 4 stroke Cylinder Head Rebuid Kit,598.85,357.7
54-213H,Kawasaki 4 Stroke Cylinder Head Rebuild Kit,714.85,427.3
54-408H,Yamaha 4 Stroke Cylinder Head Rebuild Kit,528.85,314.85
54-412H,Yamaha 1.8L Cylinder Head Rebuild Kit,598.85,357.7
54-600H,Honda Cylinder Head Rebuild Kit,558.85,333.5
54-601H,Honda Turbo Cylinder Head Rebuild Kit,558.85,333.5
549M07600,Wiseco - Kawasaki JS300/650 ProLite STD.              ,111.25,86.09
549M07650,Wiseco - Kawasaki JS300/650 ProLite 0.50mm            ,111.25,86.09
549M07700,Wiseco - Kawasaki JS300/650 ProLite 1.0mm             ,111.25,86.09
549M07750,Wiseco - Kawasaki JS300/650 ProLite 1.5mm             ,117.18,94.04
549M07800,Wiseco - Kawasaki JS300/650 ProLite 2.0mm             ,117.18,94.04
55-112E,Sea-Doo 4 Sroke Engine Rebuild Kit,598.85,356.85
55-113E,Sea-Doo 4 Stroke SS Engine Rebuild Kit,798.85,476.4
55-116E,Sea-Doo 300 Engine Rebuild Kit,834.85,498.2
55-213E,Kawasaki 12F Engine Rebuild Kit,708.85,421.95
55-214AE,Kawasaki STX 15F 2007 and up Engine Rebuild Kit,708.85,421.95
55-214E,Kawasaki 15F Engine Rebuild Kit,708.85,423.7
55-408E,Yamaha 4 Stroke Engine Rebuild Kit,623.85,372.5
55-410E,Yamaha VX110 Engine Rebuild Kit,623.85,372.5
55-411E,Yamaha FX HO Engine Rebuild Kit,623.85,372.5
55-412E,Yamaha 1.8L SHO Engine Rebuild Kit,779.85,464.55
55-414E,Yamaha 1.8L N/A Engine Rebuild Kit,748.85,445.5
55-415E,Yamaha 1.8L FX SVHO Engine Rebuild Kit,866.85,518.5
55-600E,Honda Engine Rebuild Kit,714.85,427.3
55-601E,Honda Turbo Engine Rebuild Kit,758.85,453.7
60-101-0,Sea-Doo 587 yellow standard top end kit,235.95,141.55
60-101-1,Sea-Doo 587 yellow .5mm top end kit,235.95,141.55
60-101-2,Sea-Doo 587 yellow 1mm top end kit,235.95,141.55
60-101-3,Sea-Doo 587 yellow 1.5mm top end kit,235.95,141.55
60-102-0,Sea-Doo 587 Standard top end kit,308.95,185.35
60-102-1,Sea-Doo 587  .5mm top end kit,308.95,185.35
60-102-2,Sea-Doo 587 1mm top end kit,308.95,185.35
60-102-3,Sea-Doo 587 1.5mm top end kit,308.95,185.35
60-103-0,Sea-Doo 657/657x Standard top end kit,308.95,185.35
60-103-1,Sea-Doo 657/657x .5mm top end kit,308.95,185.35
60-103-2,Sea-Doo 657/657x 1mm top end kit,308.95,185.35
60-103-3,Sea-Doo 657/657x  1.5mm top end kit,308.95,185.35
60-105-0,Sea-Doo 717 standard top end kit,308.95,185.35
60-105-1,Sea-Doo 717 .5mm top end kit,308.95,185.35
60-105-2,Sea-Doo 717 1mm top end kit,308.95,185.35
60-105-3,Sea-Doo 717 1.5mm top end kit,308.95,185.35
60-107-0,Sea-Doo 787 standard top end kit,308.95,185.35
60-107-1,Sea-Doo 787 .5mm top end kit,308.95,185.35
60-107-2,Sea-Doo 787 1mm top end kit,308.95,185.35
60-107-3,Sea-Doo 787 1.5mm top end kit,308.95,185.35
60-108-0,Sea-Doo 951 white standard top end kit,369.95,221.95
60-108-1,Sea-Doo 951 white .5mm top end kit,369.95,221.95
60-108-2,Sea-Doo 951 white 1mm top end kit,369.95,221.95
60-108-3,Sea-Doo 951 white 1.5mm top end kit,369.95,221.95
60-109-0,Sea-Doo 951 silver standard top end kit 1997-5 to 2000,369.95,221.95
60-109-1,Sea-Doo 951 silver .5mm top end kit 1997-5 to 2000,369.95,221.95
60-109-2,Sea-Doo 951 silver 1mm Top end kit,369.95,221.95
60-109-3,Sea-Doo 951silver 1.5mm top end kit,369.95,221.95
60-109A-0,Sea-Doo 951 silver 2001& Up standard top end kit,369.95,221.95
60-109A-1,Sea-Doo 951 silver 2001& Up .5mm top end kit,369.95,221.95
60-109A-2,Sea-Doo 951 silver 2001 & Up 1mm Top end kit,369.95,221.95
60-109A-3,Sea-Doo 951silver 2001 & Up 1.5mm top end kit,369.95,221.95
60-110-0,Sea-Doo 787 RFI standard top end kit,308.95,185.35
60-110-1,Sea-Doo 787 RFI .5mm top end kit,308.95,185.35
60-110-2,Sea-Doo 787 RFI 1mm top end kit,308.95,185.35
60-110-3,Sea-Doo 787 RFI 1.5mm top end kit,308.95,185.35
60-111-0,Sea-Doo 951 DI standard top end kit,369.95,221.95
60-111-1,Sea-Doo 951 DI 0.5mm top end kit,369.95,221.95
60-111-2,Sea-Doo 951 DI 1.0mm top end kit,369.95,221.95
60-111-3,Sea-Doo 951 DI 1.5mm top end kit,369.95,221.95
60-202A-0,Kawasaki 550A  Standard top end kit (82-90),235.95,141.55
60-202A-2,Kawasaki 550A  1mm top end kit (82-90),235.95,141.55
60-203-0,Kawasaki 650 standard top end kit,235.95,141.55
60-203-2,Kawasaki 650 1mm top end kit,235.95,141.55
60-205A-0,Kawasaki 750 Standard top end kit(92-95 SX),298.95,179.35
60-205A-1,Kawasaki 750 .5mm top end kit(92-95 SX),298.95,179.35
60-205A-2,Kawasaki 750 1mm top end kit(92-95 SX),298.95,179.35
60-205A-3,Kawasaki 750 1.5mm top end kit(92-95 SX),298.95,179.35
60-205B-0,Kawasaki 750 standard top end kit (94 XIR),298.95,179.35
60-205B-1,Kawasaki 750 .5mm top end kit (94 XIR),298.95,179.35
60-205B-2,Kawasaki 750 1mm top end kit (94 XIR),298.95,179.35
60-205B-3,Kawasaki 750 1.5mm top end kit (94 XIR),298.95,179.35
60-205C-0,"Kawasaki 750 std. top end kit(94-95 SS,ST, SSXI)",298.95,179.35
60-205C-1,"Kawasaki 750 .5mm top end kit(94-95 SS,ST, SSXI)",298.95,179.35
60-205C-2,"Kawasaki 750 1mm top end kit(94-95 SS,ST, SSXI)",298.95,179.35
60-205C-3,"Kawasaki 750 1.5mm top end kit(94-95 SS,ST, SSXI)",298.95,179.35
60-205D-0,Kawasaki 750 standard top end kit(92-93 SS),298.95,179.35
60-205D-1,Kawasaki 750 .5mm top end kit(92-93 SS),298.95,179.35
60-205D-2,Kawasaki 750 1mm top end kit(92-93 SS),298.95,179.35
60-205D-3,Kawasaki 750 1.5mm top end kit(92-93 SS),298.95,179.35
60-207A-0,"Kawasaki 750 STD top end kit 95-97 SXI,98-02 SXI PRO",308.95,185.35
60-207A-1,"Kawasaki 750 .5mm top end kit 95-97 SXI,98-02 SXI PRO",308.95,185.35
60-207A-2,"Kawasaki.750 big pin top end kit 1.0 95-97 SXI,98-02 SXI PR",308.95,185.35
60-207A-3,"Kawasaki 750 1.5mm top end kit(95-97 SXI,98-02 SXI",308.95,185.35
60-207D-0,"Kawasaki 750 standard top end kit (95 STS,96-99 SS,XI)",308.95,185.35
60-207D-1,"Kawasaki 750 .5mm top end kit (95 STS,96-99 SS,XI)",308.95,185.35
60-207D-2,"Kawasaki.750 big pin top end kit1.0mm(95 STS,96-99SS,XI)",308.95,185.35
60-207D-3,"Kawasaki 750 1.5mm top end kit(95 STS,96-99 SS,XI)",308.95,185.35
60-207F-0,"Kawasaki 750 standard top end kit(96-97 STS,98 STX)",308.95,185.35
60-207F-1,"Kawasaki 750 .5mm top end kit(96-97 STS,98 STX)",308.95,185.35
60-207F-2,"Kawasaki.750 big pin top end kit 1.0mm(96-97 STS,98 STX)",308.95,185.35
60-207F-3,"Kawasaki 750 1.5mm top end kit(96-97 STS, 98 STX)",308.95,185.35
60-207G-0,Kawasaki 750 STD top end kit(95-97 ZXI),308.95,185.35
60-207G-1,Kawasaki 750 .5mm top end kit(95-97 ZXI),308.95,185.35
60-207G-2,Kawasaki. 750 big pin top end kit 1.0mm(95-97 ZXI),308.95,185.35
60-207G-3,Kawasaki 750 1.5mm top end kit (95-97 ZXI),308.95,185.35
60-208-0,Kawasaki 800 SX-R Standard Top End Kit,321.95,192.95
60-208-1,Kawasaki 800 SX-R .5mm Top End Kit,321.95,192.95
60-208-2,Kawasaki 800 SX-R 1mm Top End Kit,321.95,192.95
60-209A-0,Kawasaki 900 standard top end kit,416.95,249.95
60-209A-1,Kawasaki 900 .5mm top end kit,416.95,249.95
60-209A-2,Kawasaki 900 1mm top end kit,416.95,249.95
60-209A-3,Kawasaki 900 1.5mm top end kit,416.95,249.95
60-209B-0,Kawasaki 900 standard top end kit 1997-1998 STX only,416.95,249.95
60-209B-1,Kawasaki 900 .5mm top end kit 1997-1998 STX only,416.95,249.95
60-209B-2,Kawasaki 900 1mm top end kit 1997-1998 STX only,416.95,249.95
60-209B-3,Kawasaki 900 1.5mm top end kit 1997-1998 STX only,416.95,249.95
60-210-0,Kawasaki 1100 standard top end kit,449.95,269.95
60-210-1,Kawasaki 1100 .5mm top end kit,449.95,269.95
60-210-2,Kawasaki 1100 1mm top end kit,449.95,269.95
60-210-3,Kawasaki 1100 1.5mm top end kit,449.95,269.95
60-211-0,Kawasaki 1200 std top end kit,499.95,299.95
60-211-1,Kawasaki 1200 .5mm top end kit,499.95,299.95
60-212-0,Kawasaki 1100 DI Standard top end kit,499.95,299.95
60-212-1,Kawasaki 1100 DI .5mm top end kit,499.95,299.95
60-212-2,Kawasaki 1100 DI 1.00mm top end kit,499.95,299.95
60-212-3,Kawasaki 1100 DI 1.5mm top end kit,499.95,299.95
602M07700,Wiseco - Yamaha WR SuperJet '90-96 STD.               ,117.18,94.04
602M07750,Wiseco - Yamaha WR SuperJet '90-96 0.50mm             ,117.18,94.04
602M07800,Wiseco - Yamaha WR SuperJet '90-96 1.0mm              ,117.18,94.04
60-301-0,Polaris650 standard top end kit,298.95,179.35
60-301-1,Polaris650 .5mm top end kit,298.95,179.35
60-301-2,Polaris650 1mm top end kit,298.95,179.35
60-301-3,Polaris650 1.5mm top end kit,298.95,179.35
60-302-0,Polaris700 standard top end kit,267.95,160.75
60-302-1,Polaris700 .5mm top end kit,267.95,160.75
60-302-2,Polaris700 1mm top end kit,267.95,160.75
60-302-3,Polaris700 1.5mm top end kit,267.95,160.75
60-303-0,Polaris750 standard top end kit,416.95,249.95
60-303-1,Polaris750 .5mm top end kit,416.95,249.95
60-303-2,Polaris750 1mm top end kit,416.95,249.95
60-303-3,Polaris750 1.5mm top end kit,416.95,249.95
60-304-0,Polaris780 standard top end kit,416.95,249.95
60-304-1,Polaris780 .5mm top end kit,416.95,249.95
60-304-2,Polaris780 1mm top end kit,416.95,249.95
60-304-3,Polaris780 1.5mm top end kit,416.95,249.95
60-305-0,Polaris900 Standard top end kit,393.95,236.35
60-305-2,Polaris900 1mm top end kit,393.95,236.35
60-306-0,Polaris1050 standard top end kit,358.95,215.35
60-306-1,Polaris1050 .5mm top end kit,358.95,215.35
60-306-2,Polaris1050 1mm top end kit,358.95,215.35
60-306-3,Polaris1050 1.5mm top end kit,358.95,215.35
60-307-0,Polaris1200 Carb standard top end kit,416.95,249.95
60-307-1,Polaris1200 Carb 0.5mm top end kit,416.95,249.95
60-307-2,Polaris1200 Carb 1.00mm top end kit,416.95,249.95
60-307-3,Polaris1200 Carb 1.5mm top end kit,416.95,249.95
60-308-0,Polaris1200 DI standard top end kit,416.95,249.95
60-308-1,Polaris1200 DI 0.5mm top end kit,416.95,249.95
60-308-2,Polaris1200 DI 1.00mm top end kit,416.95,249.95
60-308-3,Polaris1200 DI 1.5mm top end kit,416.95,249.95
60-310-0,Polaris800 Carb Standard Top End Kit,278.95,167.35
60-310-1,Polaris800 Carb .5mm Top End Kit,278.95,167.35
60-310-2,Polaris800 Carb 1.0mm Top End Kit,278.95,167.35
60-310-3,Polaris800 Carb 1.5mm Top End Kit,278.95,167.35
60-311-0,Polaris800 FFI Standard Top End Kit,314.95,188.95
60-311-1,Polaris800 FFI .5mm Top End Kit,314.95,188.95
60-311-2,Polaris800 FFI 1.0mm Top End Kit,314.95,188.95
60-311-3,Polaris800 FFI 1.5mm Top End Kit,314.95,188.95
60-400-0,Yamaha 500 standard top end kit,202.95,121.75
60-400-2,Yamaha 500 1mm top end kit,202.95,121.75
60-401A-0,"Yamaha 650  SJ,VXR,WR standard top end kit",246.95,148.15
60-401A-2,"Yamaha 650  SJ,VXR,WR 1mm top end kit",246.95,148.15
60-401B-0,Yamaha 650 LX standard top end kit,246.95,148.15
60-401B-2,Yamaha 650 LX 1mm top end kit,246.95,148.15
60-402T-0,Yamaha 701t standard top end kit,278.95,167.35
60-402T-1,Yamaha 701t .5mm  top end kit,278.95,167.35
60-402T-2,Yamaha 701t  1mm top end kit,278.95,167.35
60-402T-3,Yamaha 701t 1.5mm top end kit,278.95,167.35
60-402X-0,Yamaha 701x standard top end kit,246.95,148.15
60-402X-1,Yamaha 701x .5mm top end kit,246.95,148.15
60-402X-2,Yamaha 701x 1mm top end kit,246.95,148.15
60-402X-3,Yamaha 701x 1.5mm top end kit,246.95,148.15
60-403-0,Yamaha 760 standard top end kit,314.95,188.95
60-403-1,Yamaha 760 .5mm top end kit,314.95,188.95
60-403-2,Yamaha 760 1mm top end kit,314.95,188.95
60-403-3,Yamaha 760 1.5mm top end kit,314.95,188.95
60-404-0,Yamaha 1100 standard top end kit,416.95,249.95
60-404-1,Yamaha 1100 .5mm top end kit,416.95,249.95
60-404-2,Yamaha 1100 1mm top end kit,416.95,249.95
60-404-3,Yamaha 1100 1.5mm top end kit,416.95,249.95
60-405-0,Yamaha 1200 standard top end kit,472.95,283.75
60-405-1,Yamaha 1200 .5mm top end kit,472.95,283.75
60-405-2,Yamaha 1200 1mm top end kit,472.95,283.75
60-405-3,Yamaha 1200 1.5mm top end kit,472.95,283.75
60-406-0,Yamaha 800 std top end kit,319.95,191.95
60-406-1,Yamaha 800 .5mm top end kit,319.95,191.95
60-407-0,Yamaha 1200PV std top end kit,472.95,283.75
60-407-1,Yamaha 1200PV .5mm top end kit,472.95,283.75
60-501-0,Tigershark 640 standard top end kit,284.95,170.95
60-501-2,Tigershark 640 1.0mm top end kit,284.95,170.95
60-502-0,Tigershark 770 standard top end kit,284.95,170.95
60-502-2,Tigershark 770 1.0mm top end kit,284.95,170.95
60-503-0,Tigershark 900 standard top end kit,425.95,255.55
60-503-2,Tigershark 900 1.0mm top end kit,425.95,255.55
60-504-0,Tigershark 1000 standard top end kit,425.95,255.55
60-504-2,Tigershark 1000 1.0mm top end kit,425.95,255.55
608M07500,"Wiseco Kawasaki JS,JSX550 '92-95 ProLite STD.         ",124.65,101.28
608M07550,"Wiseco - Kawasaki JS,JSX550 '92-95 ProLite 0.50mm     ",111.25,86.09
608M07600,"Wiseco - Kawasaki JS,JSX550 '92-95 ProLite 1.0mm      ",111.25,86.09
60A-115,Sea-Doo Spark Cylinder Head Gasket Kit,62.95,37.75
60A-116,Sea-Doo 300 Cylinder Head Gasket Kit,122.45,73.45
60A-215,Kawasaki 4-Stroke Ultra 250X Cylinder Head Gasket Kit,117.95,70.75
60A-416,Yamaha 1050 EX and VX Cylinder Head Gasket Kit,93.45,56.05
62-101-2,Sea-Doo 587 Yellow 1.0mm Cylinder Exchange Kit,369,310
62-101-3,Sea-Doo 587 Yellow 1.5mm Cylinder Exchange Kit,369,310
62-102-0,Sea-Doo 587 White .STD Cylinder Exchange Kit,369,310
62-102-2,Sea-Doo 587 White 1.0mm Cylinder Exchange Kit,369,310
62-102-3,Sea-Doo 587 White 1.5mm Cylinder Exchange Kit,369,310
62-103-0,Sea-Doo 657 STD Cylinder Exchange Kit,399,325
62-103-2,Sea-Doo 657 1.0mm Cylinder Exchange Kit,399,325
62-103-3,Sea-Doo 657 1.5mm Cylinder Exchange Kit,399,325
62-104-0,Sea-Doo 657X Std. Cylinder Exchange Kit,519,349
62-104-2,Sea-Doo 657X 1.0mm Cylinder Exchange Kit,519,349
62-104-3,Sea-Doo 657X 1.5mm Cylinder Exchange Kit,519,349
62-105-0,Sea-Doo 717 Standard Cylinder Exchange Kit,519,349
62-105-2,Sea-Doo 717 1.0mm Cylinder Exchange Kit,519,349
62-105-3,Sea-Doo 717 1.5mm Cylinder Exchange Kit,519,349
62-107-0,Sea-Doo 787 Standard Cylinder Exchange Kit,525,355
62-107-2,Sea-Doo 787 1.0mm Cylinder Exchange Kit,525,355
62-107-3,Sea-Doo 787 1.5mm Cylinder Exchange Kit,525,355
62-108-0,Sea-Doo 951 White Standard Cylinder Exchange Kit,565,375
62-108-1,Sea-Doo 951 White .5mm Cylinder Exchange Kit,565,375
62-108-2,Sea-Doo 951 White 1.0mm Cylinder Exchange Kit,565,375
62-108-3,Sea-Doo 951 White 1.5mm Cylinder Exchange Kit,565,375
62-109-0,Sea-Doo 951 1997-2000 Standard Cylinder Exchange Kit,565,375
62-109-2,Sea-Doo 951 1997-2000 1.0mm Cylinder Exchange Kit,565,375
62-109-3,Sea-Doo 951 1997-2000 1.5mm Cylinder Exchange Kit,565,375
62-109A-0,Sea-Doo 951 2001 and up Standard Cylinder Exchange Kit,565,375
62-109A-1,Sea-Doo 951 2001 and up .5mm Cylinder Exchange Kit,565,375
62-109A-2,Sea-Doo 951 2001 and up 1.0mm Cylinder Exchange Kit,565,375
62-109A-3,Sea-Doo 951 2001 and up 1.5mm Cylinder Exchange Kit,565,375
62-110-0,Sea-Doo 787RFI Standard Cylinder Exchange Kit,565,375
62-110-2,Sea-Doo 787RFI 1.0mm Cylinder Exchange Kit,565,375
62-110-3,Sea-Doo 787RFI 1.5mm Cylinder Exchange Kit,565,375
62-110A-0,Sea-Doo 787RFI Standard 2004 & up Cylinder Exchange Ki,565,375
62-110A-1,Sea-Doo 787RFI .5mm 2004 & up Cylinder Exchange Kit,565,375
62-110A-2,Sea-Doo 787RFI 1.0mm 2004 & up Cylinder Exchange Kit,565,375
62-110A-3,Sea-Doo 787RFI 1.5mm 2004 & up Cylinder Exchange Kit,565,375
62-111A-0,Sea-Doo 951DI 6 Port Standard Cylinder Exchange Kit,565,375
62-111A-1,Sea-Doo 951DI 6 Port .5mm Cylinder Exchange Kit,565,375
62-111A-2,Sea-Doo 951DI 6 Port 1.0mm Cylinder Exchange Kit,565,375
62-111A-3,Sea-Doo 951DI 6 Port 1.5mm Cylinder Exchange Kit,565,375
62-111C-0,Sea-Doo 951 DI 5 Port Standard Cyl. Exchange Kit,565,375
62-111C-1,Sea-Doo 951 DI 5 Port .5mm Cyl. Exchange Kit,565,375
62-111C-2,Sea-Doo 951 DI 5 Port 1.0mm Cyl. Exchange Kit,565,375
62-111C-3,Sea-Doo 951 DI 5 Port 1.5mm Cyl. Exchange Kit,565,375
62-203-0,Kawasaki 650 Std. Cylinder Exchange Kit,369,310
62-205A-1,Kawasaki 750 .5mm Cylinder Exchange Kit,519,349
62-205A-2,Kawasaki 750 1.0mm Cylinder Exchange Kit,519,349
62-205A-3,Kawasaki 750 1.5mm Cylinder Exchange Kit,519,349
62-205B-1,Kawasaki 750 .5mm Cylinder Exchange Kit,519,349
62-205B-2,Kawasaki 750 1.0mm Cylinder Exchange Kit,519,349
62-205B-3,Kawasaki 750 1.5mm Cylinder Exchange Kit,519,349
62-205C-1,Kawasaki 750 .5mm Cylinder Exchange Kit,519,349
62-205C-2,Kawasaki 750 1.0mm Cylinder Exchange Kit,519,349
62-205C-3,Kawasaki 750 1.5mm Cylinder Exchange Kit,519,349
62-205D-1,Kawasaki 750 .5mm Cylinder Exchange Kit,519,349
62-205D-2,Kawasaki 750 1.0mm Cylinder Exchange Kit,519,349
62-205D-3,Kawasaki 750 1.5mm Cylinder Exchange Kit,519,349
62-207A-0,Kawasaki 750 Std. Cylinder Exchange Kit,519,349
62-207A-1,Kawasaki 750 .5mm Cylinder Exchange Kit,519,349
62-207A-2,Kawasaki 750 1.0mm Cylinder Exchange Kit,519,349
62-207A-3,Kawasaki 750 1.5mm Cylinder Exchange Kit,519,349
62-207B-1,Kawasaki 750 .5mm Cylinder Exchange Kit,519,349
62-207B-2,Kawasaki 750 1.0mm Cylinder Exchange Kit,519,349
62-207B-3,Kawasaki 750 1.5mm Cylinder Exchange Kit,519,349
62-207C-1,Kawasaki 750 .5mm Cylinder Exchange Kit,519,349
62-207C-2,Kawasaki 750 1.0mm Cylinder Exchange Kit,519,349
62-207C-3,Kawasaki 750 1.5mm Cylinder Exchange Kit,519,349
62-207D-1,Kawasaki 750 .5mm Cylinder Exchange Kit,519,349
62-207D-2,Kawasaki 750 1.0mm Cylinder Exchange Kit,519,349
62-207F-1,Kawasaki 750 .5mm Cylinder Exchange Kit,519,349
62-207F-2,Kawasaki 750 1.0mm Cylinder Exchange Kit,519,349
62-207F-3,Kawasaki 750 1.5mm Cylinder Exchange Kit,519,349
62-207G-1,Kawasaki 750 .5mm Cylinder Exchange Kit,519,349
62-207G-2,Kawasaki 750 1.0mm Cylinder Exchange Kit,519,349
62-207G-3,Kawasaki 750 1.5mm Cylinder Exchange Kit,519,349
62-208-0,Kawasaki 800 SX-R Standard Cylinder Exchange Kit,559,369
62-208-2,Kawasaki 800 SX-R 1MM Cylinder Exchange Kit,559,369
62-209A-0,Kawasaki 900 STD. Cylinder Exchange Kit,675,445
62-209A-1,Kawasaki 900 .5mm Cylinder Exchange Kit,675,445
62-209A-2,Kawasaki 900 1.0mm Cylinder Exchange Kit,675,445
62-209A-3,Kawasaki 900 1.5mm Cylinder Exchange Kit,675,445
62-209B-1,Kawasaki 900 .5mm Cylinder Exchange 1997-1998 STX only,675,445
62-209B-2,Kawasaki 900 1.0mm Cylinder Exchange 1997-1998 STX onl,675,445
62-209B-3,Kawasaki 900 1.5mm Cylinder Exchange 1997-1998 STX onl,675,445
62-210-2,Kawasaki 1100 1.0mm Cylinder Exchange Kit,769,504
62-210-3,Kawasaki 1100 1.5mm Cylinder Exchange Kit,769,504
62-211-1,Kawasaki 1200 .5mm Cylinder Exchange Kit,779,519
62-212-2,Kawasaki 1100DI 1.0mm Cylinder Exchange Kit,779,519
62-212-3,Kawasaki 1100DI 1.5mm Cylinder Exchange Kit,779,519
62-301-2,Polaris650 NP 1.0mm Cylinder Exchange Kit,399,325
62-301-3,Polaris650NP 1.5mm Cylinder Exchange Kit,399,325
62-301P-1,Polaris650P .5mm Cylinder Exchange Kit,399,325
62-301P-2,Polaris650P 1.0mm Cylinder Exchange Kit,399,325
62-301P-3,Polaris650P 1.5mm Cylinder Exchange Kit,399,325
62-302-0,Polaris700 Standard Cylinder Exchange Kit,455,315
62-302-1,Polaris700 .5mm Cylinder Exchange Kit,455,315
62-302-2,Polaris700 1.0mm Cylinder Exchange Kit,455,315
62-302-3,Polaris700 1.5mm Cylinder Exchange Kit,455,315
62-302H-1,Polaris700H .5mm Cylinder Exchange Kit,455,315
62-302H-2,Polaris700H 1.0mm Cylinder Exchange Kit,455,315
62-302H-3,Polaris700H 1.5mm Cylinder Exchange Kit,455,315
62-303-0,Polaris750NP STD. Cylinder Exchange Kit,455,315
62-303-2,Polaris750NP 1.0mm Cylinder Exchange Kit,455,315
62-303-3,Polaris750NP 1.5mm Cylinder Exchange Kit,455,315
62-303P-0,Polaris750P Std. Cylinder Exchange Kit,455,315
62-303P-1,Polaris750P .5mm Cylinder Exchange Kit,455,315
62-303P-2,Polaris750P 1.0mm Cylinder Exchange Kit,455,315
62-303P-3,Polaris750P 1.5mm Cylinder Exchange Kit,455,315
62-304-0,Polaris780  standard Cylinder Exchange Kit,455,315
62-304-2,Polaris780 1.0mm Cylinder Exchange Kit,455,315
62-304-3,Polaris780 1.5mm Cylinder Exchange Kit,455,315
62-306-2,Polaris1050 1.0mm Cylinder Exchange Kit ('98-'99 all),675,445
62-306-3,Polaris1050 1.5mm Cylinder Exchange Kit ('98-'99 all),675,445
62-306H-1,Polaris1050 .5mm Cylinder Exchange Kit ('96-'97 all),675,445
62-306H-2,Polaris1050 1.0mm Cylinder Exchange Kit ('96-'97 all),675,445
62-306H-3,Polaris1050 1.5mm Cylinder Exchange Kit ('98-'99 all),675,445
62-307-0,Polaris1200 Std. Cylinder Exchange Kit,675,445
62-307-2,Polaris1200 1.0mm Cylinder Exchange Kit,675,445
62-307-3,Polaris1200 1.5mm Cylinder Exchange Kit,675,445
62-308-0,Polaris1200DI Std. Cylinder Exchange Kit,675,445
62-308-2,Polaris1200DI 1.0mm Cylinder Exchange Kit,675,445
62-308-3,Polaris1200DI 1.5mm Cylinder Exchange Kit,675,445
62-310-2,Polaris800 Carb 1.0mm Cylinder Exchange Kit,495,335
62-310-3,Polaris800 Carb 1.5mm Cylinder Exchange Kit,495,335
62-311-1,Polaris800 FFI .5mm Cylinder Exchange Kit,519,349
62-311-2,Polaris800 FFI 1.0mm Cylinder Exchange Kit,519,349
62-311-3,Polaris800 FFI 1.5mm Cylinder Exchange Kit,519,349
62-401B-2,Yamaha 650 LX 1.0mm Cylinder Exchange Kit,369,310
62-402S-0,Yamaha 701S STD Cylinder Exchange Kit,369,310
62-402S-2,Yamaha 701S 1.0mm Cylinder Exchange Kit,369,310
62-402S-3,Yamaha 701S 1.5mm Cylinder Exchange Kit,369,310
62-402T-0,Yamaha 701T Std Cylinder Exchange Kit,519,349
62-402T-2,Yamaha 701T 1.0mm Cylinder Exchange Kit,519,349
62-402T-3,Yamaha 701T 1.5mm Cylinder Exchange Kit,519,349
62-402X-0,Yamaha 701X Std. Cylinder Exchange Kit,369,310
62-402X-2,Yamaha 701X 1.0mm Cylinder Exchange Kit,369,310
62-402X-3,Yamaha 701X 1.5mm Cylinder Exchange Kit,369,310
62-403-0,Yamaha 760 Standard Cylinder Exchange Kit,519,349
62-403-2,Yamaha 760 1.0mm Cylinder Exchange Kit,519,349
62-403-3,Yamaha 760 1.5mm Cylinder Exchange Kit,519,349
62-404-0,Yamaha 1100 STD. Cylinder Exchange Kit,769,499
62-404-2,Yamaha 1100 1.0mm Cylinder Exchange Kit,769,499
62-404-3,Yamaha 1100 1.5mm Cylinder Exchange Kit,769,499
62-405-0,Yamaha 1200 Standard Cylinder Exchange Kit,769,499
62-405-2,Yamaha 1200 1.0mm Cylinder Exchange Kit,769,499
62-405-3,Yamaha 1200 1.5mm Cylinder Exchange Kit,769,499
62-406-0,Yamaha 800 Standard Cylinder Exchange Kit,525,355
62-406-1,Yamaha 800 .5mm over Cylinder Exchange Kit,525,355
62-407A-0,Yamaha 1200R Standard Cylinder Exchange Kit 99-00,769,499
62-407A-1,Yamaha 1200R .5mm Cylinder Exchange Kit 99-00,769,499
62-407C-0,Yamaha 1200R Standard Cylinder Exchange Kit 01 & Up,769,499
62-407C-1,Yamaha 1200R .5mm Cylinder Exchange Kit 01 & Up,769,499
62-501A-2,Tigershark 640 1.0mm Cylinder Exchange Kit,499,339
62-503A-2,Tigershark 900 1.0mm Cylinder Exchange Kit,829,549
62-503B-2,Tigershark 900 1.0mm Cylinder Exchange Kit,829,549
63-215,Cylinder Head Exchange Kit Kawasaki Ultra 250 X,585,390
632M07600,Wisec - Arctic Cat Tiger Shark 650     ,117.18,94.04
633M07200,Wiseco - Polaris SL/SLT750-780 PROLITE 2.25mm         ,124.65,101.28
63-415,Yamaha 1.8L SVHO Cylinder Head Exchange 2016 and up,925,685
63-417,Yamaha 1.8L N/A Cylinder Head Exchange,925,685
63-418,Yamaha SHO 1.8L Cylinder Head Exchange,925,685
64-101-1,Sea-Doo 587 Yellow .5mm Cylinder Exchange,239,205
64-101-2,Sea-Doo 587 Yellow 1.0mm Cylinder Exchange,239,205
64-102-1,Sea-Doo 587 White .5mm Cylinder Exchange,239,205
64-102-2,Sea-Doo 587 White 1.0mm Cylinder Exchange,239,205
64-102-3,Sea-Doo 587 White 1.5mm Cylinder Exchange,239,205
64-103-1,Sea-Doo 657 .5mm Cylinder Exchange,249,215
64-103-2,Sea-Doo 657 1.0mm Cylinder Exchange,249,215
64-103-3,Sea-Doo 657 1.5mm Cylinder Exchange,249,215
64-104-1,Sea-Doo 657X .5mm Cylinder Exchange,369,310
64-104-2,Sea-Doo 657X 1.0mm Cylinder Exchange,369,310
64-104-3,Sea-Doo 657X 1.5mm Cylinder Exchange,369,310
64-105-0,Sea-Doo 717 STD. Cylinder Exchange,369,310
64-105-1,Sea-Doo 717 .5mm Cylinder Exchange,369,310
64-105-2,Sea-Doo 717 1.0mm Cylinder Exchange,369,310
64-105-3,Sea-Doo 717 1.5mm Cylinder Exchange,369,310
64-107-0,Sea-Doo 787 Std. Cylinder Exchange,369,310
64-107-1,Sea-Doo 787 .5mm Cylinder Exchange,369,310
64-107-2,Sea-Doo 787 1.0mm Cylinder Exchange,369,310
64-107-3,Sea-Doo 787 1.5mm Cylinder Exchange,369,310
64-110-1,Sea-Doo 787RFI .5mm Cylinder Exchange,369,310
64-110-2,Sea-Doo 787RFI 1.0mm Cylinder Exchange,369,310
64-110-3,Sea-Doo 787RFI 1.5mm Cylinder Exchange,369,310
64-110A-1,Sea-Doo 787RFI .5mm 2004 & up Cylinder Exchange,369,310
64-110A-2,Sea-Doo 787RFI 1.0mm 2004 & up Cylinder Exchange,369,310
64-110A-3,Sea-Doo 787RFI 1.5mm 2004 and up Cylinder Exchange,369,310
64-211-0,Kawasaki 1200 Standard Cylinder Exchange,369,310
64-211-1,Kawasaki 1200 .5mm Cylinder Exchange,369,310
64-301-1,Polaris650 NP .5mm Cylinder Exchange,215,180
64-301-2,Polaris650 NP 1.0mm Cylinder Exchange,215,180
64-301-3,Polaris650 NP 1.5mm Cylinder Exchange,215,180
64-301P-1,Polaris650P .5mm Cylinder Exchange,215,180
64-301P-2,Polaris650P 1.0mm Cylinder Exchange,215,180
64-301P-3,Polaris650P 1.5mm Cylinder Exchange,215,180
64-302-0,Polaris700 & 1050 Standard Cylinder Exchange,309,220
64-302-1,Polaris700 & 1050 .5mm Cylinder Exchange,309,220
64-302-2,Polaris700 & 1050 1.0mm Cylinder Exchange,309,220
64-302-3,Polaris700 & 1050 1.5mm Cylinder Exchange,309,220
64-302H-1,Polaris700H & 1050 .5mm Cylinder Exchange,309,220
64-302H-2,Polaris700H & 1050 1.0mm Cylinder Exchange,309,220
64-303-0,Polaris750NP Std. Cylinder Exchange,239,205
64-303-1,Polaris750NP .5mm Cylinder Exchange,239,205
64-303-2,Polaris750NP 1.0mm Cylinder Exchange,239,205
64-303-3,Polaris750NP 1.5mm Cylinder Exchange,239,205
64-303P-1,Polaris750P .5mm Cylinder Exchange,239,205
64-303P-2,Polaris750P 1.0mm Cylinder Exchange,239,205
64-303P-3,Polaris750P 1.5mm Cylinder Exchange,239,205
64-304-0,Polaris780 Standard Cylinder Exchange,239,205
64-304-1,Polaris780 .5mm Cylinder Exchange,239,205
64-304-2,Polaris780 1.0mm Cylinder Exchange,239,205
64-304-3,Polaris780 1.5mm Cylinder Exchange,239,205
64-305-2,Polaris900 1.0mm Cylinder Exchange,319,260
64-307-1,Polaris800/1200 .5mm Cylinder Exchange,319,260
64-307-2,Polaris800/1200 1.0mm Cylinder Exchange,319,260
64-307-3,Polaris800/1200 1.5mm Cylinder Exchange,319,260
64-308-1,Polaris800DI/1200DI .5mm Cylinder Exchange Kit,319,260
64-308-2,Polaris800DI/1200DI 1.0mm Cylinder Exchange Kit,319,260
64-308-3,Polaris800DI/1200DI 1.5mm Cylinder Exchange,319,260
64-309-0,PolarisMSX140 Standard Cylinder & Head Exchange,435,330
64-309-1,PolarisMSX140 .5mm Cylinder Exch,369,310
64-406-0,Yamaha 800 Standard Cylinder Exchange,369,310
64-406-1,Yamaha 800 .5mm over Cylinder Exchange,369,310
64-407-0,Yamaha 1200R Standard Cylinder Exchange,369,310
64-407-1,Yamaha 1200R .5mm Cylinder Exchange,369,310
64-409-0,Yamaha 1300PV Standard Cylinder Exchange,369,310
64-413-0,Yamaha 1300NPV Standard Cylinder Exchange,369,310
64-503-2,Tigershark 900 1.0mm Cylinder Exchange,399,300
64-504-2,Tigershark 1000 1.0mm Cylinder Exchange,399,300
64N-211-0,Kawasaki 1200 Standard Nikasil Cylinder Exchange kit,419,320
64N-406-0,Yamaha 800 Standard Nikasil Cylinder Exchange,419,320
64N-407-0,Yamaha 1200R Standard Nikasil Cylinder Exchange,419,320
64N-409-0,Yamaha 1300PV Standard Nikasil Cylinder,419,320
64N-413-0,Yamaha 1300NPV Standard Nikasil Cylinder,419,320
659M07300,Wiseco - Kawasaki JetSki 9001995-2006 STD.            ,124.65,101.28
659M07350,Wiseco - Kawasaki JetSki 900 1995-2006 .050mm         ,124.65,101.28
659M07450,Wiseco - Kawasaki JetSki 900 1995-2006 1.50mm         ,142.45,115.74
663M07800,Wiseco - Sea-Doo 650 1993-1996 STD.                   ,117.18,94.04
663M07850,Wiseco - Sea-Doo 650 1993-1996 0.50mm                 ,117.18,94.04
663M07900,Wiseco - Sea-Doo 650 1993-1996 1.0mm                  ,117.18,94.04
663M08000,Wiseco - Sea-Doo 650 '93-96 1.5mm                     ,124.65,101.28
6810-520,Rotary Valve Cover,129.85,96.15
6810-520TI,Rotary Valve Cover (Time install),129.85,96.15
6810-522,Rotary Valve Cover *,129.85,96.15
6810-522TI,Rotary Valve Cover (Time install),129.85,96.15
6810-525,Rotary Valve Cover  ,129.85,96.15
6810-525TI,Rotary Valve Cover (Time install),129.85,96.15
6810-527,Rotary Valve Cover,129.85,96.15
6810-527TI,Rotary Valve Cover (Time install),129.85,96.15
6810-737,Rotary Valve Cover,129.85,96.15
6810-737TI,Rotary Valve Cover (time install),129.85,96.15
700M08100,Wiseco - Polaris 700 '96-04 ProLite STD.              ,117.18,94.04
700M08150,Wiseco - Polaris 700 '96-04 ProLite .050mm            ,117.18,94.04
700M08200,Wiseco - Polaris 700 '96-04 ProLite 1.0mm             ,117.18,94.04
70-600A,Honda Driveline Kit,192.4,115.4
71-112-01,Jet Pump Oil Seal,25.7,15.4
71-113-01,Jet Pump Oil Seal,14.5,8.7
71-116-01,Jet Pump Oil Seal,39.4,23.6
71-207B-04,Jet Pump Oil Seal,13.1,7.85
71-210-01,Jet Pump Oil Seal,14.5,8.7
71-211A-08,Jet Pump Oil Seal,9.65,5.75
71-211A-08A,Jet Pump Oil Seal,12.35,7.4
71-211B-05,Jet Pump Oil Seal,10.85,6.5
71-401A-02,Jet Pump Oil Seal,2.45,1.47
71-406-01,Jet Pump Oil Seal,12.35,7.4
71-406-02,Jet Pump Oil Seal,3.65,2.19
71-408-01,Jet Pump Oil Seal,15.6,9.35
71-408-05K,Gearbox Oil Seal Kit,23.95,14.35
71-410-01,Jet Pump Oil Seal,12.35,7.4
71-410-02,Jet Pump Oil Seal,11.9,7.1
71-411-02,Yamaha Jet Pump Seal,11.9,7.1
71-412-02,Yamaha Jet Pump Oil Seal,23.95,14.35
716M08800,Wiseco - Sea-Doo 950 GSX/GTX/RX/XP '97-07 STD.        ,124.65,101.28
716M08850,Wiseco - Sea-Doo 950 GSX/GTX/RX/XP '97-07 0.5mm        ,124.65,101.28
716M08900,Wiseco - Sea-Doo 950 GSX/GTX/RX/XP '97-07 1.0mm,124.65,101.28
716M08940,Wiseco - Sea-Doo 950 GSX/GTX/RX/XP '97-07  ,137.11,111.4
716M09000,Wiseco - Sea-Doo 950 GSX/GTX/RX/XP '97-07 2.0mm       ,137.11,111.4
716M09100,Wiseco - Sea-Doo 950 GSX/GTX/RX/XP '97-07 3.0mm       ,137.11,111.4
718M08500,Wiseco - Arctic Cat TigerShark '97 1000 4.0mm         ,137.11,111.4
72-112C-01,Sea-Doo Jet Pump Angle Bearing,50.7,30.4
72-115,Sea-Doo Spark Jet Pump Rebuild Kit,110.95,66.55
72-202B-03,Jet Pump Bearing,23.95,14.35
72-211A,Kawasaki Jet Pump Rebuild Kit,74.95,44.95
72-214,Kawasaki Jet Pump Rebuild Kits,99.95,59.95
722M06970,Wiseco - Polaris SLX 785 '97-00 STD.                  ,124.65,101.28
72-405A,Yamaha Jet Pump Rebuild Kit,49.95,29.95
72-416,Yamaha Jet Pump Rebuild Kit 2016-2017 1050cc,51.45,30.85
72-416A,Yamaha Jet Pump Rebuild Kit 2017-2018 1050cc,53.95,32.35
73-101-06K,Sea-Doo Jet Pump Seals Set,9.65,5.75
73-101A-13,Jet Pump O Ring (Nose Cone 140MM Pump),6,3.6
73-101B-03,Water Outlet for Sea-Doo Jet Pump,14.5,8.7
73-102K,Anti-Rattle Kit,13.05,7.8
73-110-06,Sea-Doo Jet Pump Seal,5.9,3.54
73-110-06K,Sea-Doo Jet Pump Seals Set,11.15,6.65
73-113-01,Jet Pump O'Ring,1.05,0.63
73-113-04,Sea-Doo Hose Clamp,3.75,2.25
73-115-03,Sea-Doo Spark Fitting O'Ring,2.9,1.74
73-202-10,Drive Line Snap Ring,13.35,8
73-202A-05,Jet Pump O Ring,4,2.4
73-205-07,Jet Pump Bushing,23.95,14.35
73-207B-07,Jet Pump O Ring,2.4,1.44
73-209-07,Jet Pump Bushing,26.2,15.7
73-211A-07,Jet Pump Bushing,26.8,16.05
73-211A-10,Jet Pump Snap Ring,7.15,4.25
73-214-07,Jet Pump Bushing,27.55,16.5
73-406K,Yamaha Cap Kit,35.9,21.5
73-410-01,Jet Pump O-ring,3.3,1.98
734M07650,Wiseco - Sea-Doo 580 '88-96 XPS Plated 0.50mm         ,128.21,104.17
734M07700,Wiseco - Sea-Doo 580 '88-96 XPS Plated 1.0mm          ,128.21,104.17
74-113A-08,"Drive Shaft 24-3/4""",254.95,152.95
74-115-08,"Sea-Doo Drive Shaft, Spark, 18""",254.95,152.95
74-121-08,"Sea-Doo Drive Shaft 24-3/4""",254.95,152.95
74-216A-08,"Kawasaki Ultra 310X Drive Shaft 21.96""",364.95,218.95
74-401A-08,"Yamaha Drive Shaft 26-1/8""",285.95,171.55
74-402D-02,Yamaha Coupler Shaft,117.95,70.75
74-402F-02,Yamaha Coupler Shaft,135.95,81.55
74-405-08,"Yamaha Drive Shaft 36-3/16""",209.85,125.9
74-406-08A,"Yamaha Drive Shaft 35-7/8""",323.95,238.82
74-412B-08,Yamaha Drive Shaft,323.95,194.35
74-414-08,"Yamaha 1.8L Jet Boat Drive Shaft (26.75"" long)",327.85,196.7
74-416-01,Yamaha 1050 Impeller Shaft,64.95,38.95
74-416-08,Yamaha 1050 Drive Shaft,274.95,164.95
749M08000,Wiseco - Kawasaki Ultra 150 '99-05 STD.               ,117.18,94.04
75-3701E,Kawasaki Remanufactured Jet Pump,459.95,275.95
75-3724E,Kawasaki  Remanufactured Jet Pump Assy.,459.95,275.95
75-3726E,Kawasakii Reman Jet Pump Assy(No holes),459.95,275.95
75-3726N,Kawasaki Jet Pump Assy.,1060.95,742.65
75-3727E,Kawasaki Remanufactured Jet Pump Assy,459.95,275.95
75-3737E,Kawasaki Reman. Jet Pump Assy,459.95,275.95
75-3737N,Kawasaki Jet Pump Assy.,489.95,293.95
75-3746E,Kawasaki Jet Pump Assy,459.95,275.95
75-3746N,New Kawasaki Jet Pump Assy.,1119.95,783.95
75-3749E,Kawasaki Reman. Jet Pump Assy,459.95,275.95
75-3749N,New Kawasaki Jet Pump Assy.,489.95,293.95
75-3752E,Kawasaki Reman. Jet Pump Assy.,459.95,275.95
75-3752N,Kawasaki Jet Pump Assy.,1129.95,790.95
75-3756AE,Kawasaki Jet Pump Assy.,459.95,275.95
75-3756AN,New Kawasaki Jet Pump Assy.,609.95,426.95
75-3756E,Kawasaki.Remanufactured Jet Pump Assy,459.95,275.95
75-3757E,Kawasaki.Reman. Jet Pump Assy,459.95,275.95
75-3757N,New Kawasaki Jet Pump Assy.,719.95,503.95
75-3759E,Kawasaki Reman. Jet Pump Assy.,459.95,275.95
75-3759N,New Kawasaki Jet Pump Assy.,589.95,412.95
75-3761E,Kawasaki.Remanufactured Jet Pump Assy,459.95,275.95
75-3761N,New Kawasaki Jet Pump Assy.,679.95,475.95
75-3767E,Kawasaki.Remanufactured Jet Pump Assy,459.95,275.95
75-3767N,Kawasaki New Jet Pump Assy.,709.95,496.95
757M08400,Wiseco Yamaha 760 '96-97/1200 '97-04 STD.             ,117.18,94.04
757M08450,Wiseco Yamaha 760 '96-97/1200 '97-04 0.50mm           ,117.18,94.04
757M08500,Wiseco - Yamaha 760 '96-97/1200 '97-04 1.0mm          ,117.18,94.04
757M08550,Wiseco - Yamaha 760 '96-97/1200 '97-04 1.5mm          ,124.65,101.28
757M08600,Wiseco - Yamaha 760 '96-97/1200 '97-04 2.0mm          ,124.65,101.28
758M08000,Wiseco - Yamaha 800 '98-05/1200 '99-02 STD.           ,124.65,101.28
758M08100,Wiseco - Yamaha 800 '98-05/1200 '99-02 1.0mm          ,124.65,101.28
76-101B-03,Sea-Doo Ring Carbone in DL KIT,35.9,21.5
76-102-20,Impeller Boot,5.55,3.33
76-112-03,Sea-Doo Carbone/Graphite Ring,51.5,30.9
76-113-03,Sea-Doo Carbone/Graphite Ring,35.9,21.5
76-113A-10,"Sea-Doo Reducer, Green",13,7.8
76-115-02,"Protector Sleeve, Spark                               ",10.65,6.35
76-115-08,Neoprene Seal,15.25,9.15
76-116-10,"Sea-Doo 300 Reducer,",13,7.8
76-403-08,Jet Pump Housing Seal,35.9,21.5
778M08200,Wiseco - Sea-Doo 785cc Twin '95-05 STD.               ,124.65,101.28
778M08250,Wiseco - Sea-Doo 785CC TWIN '95-05 .050mm             ,124.65,101.28
78-101-02A,Sea-Doo Jet Pump Wear Ring for Aluminum Pump,45.95,27.55
78-112-06,Sea-Doo Jet Pump Bushing,4.65,2.79
78-112D-01K,Sea-Doo 2017 2018 90HO GTI Jet Pump Assy,519.95,311.95
78-112D-02,"2017 Sea-Doo GTI, GTS 903HO Wear Ring",52.5,31.5
78-115-01K,Sea-Doo Spark Jet Pump Assy,509.95,305.95
78-115-02A,Sea-Doo Spark Stainless Steel Wear Ring 2014-2018,163.3,97.95
781M08100,"Wiseco - Polaris SL,SLTX 1050 '96-99 STD.             ",124.65,101.28
78-406-01A,Yamaha SS Jet Pump Housing,394.45,236.65
78-412-01A,Yamaha 1.8l SS Jet Pump Housing,354.65,212.75
790M08100,"Wiseco - Yamaha 700 WR,Raider,Pro VXR STD.            ",117.18,79.94
790M08150,"Wiseco - Yamaha 700 WR,Raider,Pro VXR 0.50mm",117.18,79.94
790M08200,"Wiseco - Yamaha 700 WR,Raider,Pro VXR 1.0mm",117.18,79.94
790M08250,"Wiseco Yamaha 700 WR,Raider,Pro VXR 1.50mm",124.65,101.28
790M08300,"Wiseco - Yamaha 700 WR,Raider,Pro VXR 2.0mm",124.65,101.28
790M08400,"Wiseco - Yamaha 700 WR,Raider,Pro VXR 3.0mm",124.65,101.28
79-115A-04,Sea-Doo Spark  Driveline Bellow 15 16 17,18,10.8
79-502-01,Tigershark Protection Hose,7.8,4.65
80-103-04,Sea-Doo 4 Stroke IS Alignment Plate (80-103IS) SEE NOTE,230.95,138.55
80-103B,Sea-Doo Alignment Tool w/ 2 Plates,299.95,194.95
80-103IS,Sea-Doo 4 Stroke IS Engine Alignment Tool Kit,404.95,242.95
80-103IS-01K,Sea-Doo 4 Stroke IS Engine Alignment Plate Update Kit,114.95,68.95
80-103K,Sea-Doo 4 stroke Alignment Tool Kit,80.45,48.25
80-103S,Sea-Doo Spark Alignment Tool Kit,230.95,138.55
80-113-01,Retaining key (Wrench),25.2,15.15
80-115,"Flywheel Puller, Spark",42.95,25.75
80-115-03,Sea-Doo Impeller Shaft Bearing Tool,57.45,34.45
80-115-05,Impeller Shaft Bearing Tool,32.95,19.75
80-115P,"Crankshaft Protector, Spark",21.45,12.85
809M08000,Wiseco - Kawasaki JS750 '96-99 STD.                   ,111.25,86.09
809M08050,Wiseco - Kawasaki 1100cc '96-03 0.50mm                ,111.25,86.09
809M08100,Wiseco - Kawasaki 1100cc '96-03 1.0mm                 ,111.25,86.09
809M08150,Wiseco - Kawasaki JS750 '96-99 1.50mm                 ,117.18,94.04
809M08200,Wiseco - Kawasaki JS750 '96-99 2.0mm                  ,117.18,94.04
809M08300,Wiseco - Kawasaki JS750 '96-99 3.0mm                  ,117.18,94.04
809M08400,"Wiseco - Kawasaki 750/1100 '95-03 SXi,ZXi 4.0mm       ",117.18,94.04
809M08450,Wiseco - Kawasaki JS750 '96-99 4.50mm                 ,117.18,94.04
80-N6A-01,Replacement Adapter Plate,8.55,5.15
80-N6A-02,Replacement Stud Post,19.25,11.55
80-N6A-03,Replacement Harness,96.95,57.95
80-N6A-04,Replacement Harness Adaptor,8.55,5.15
80-N6A-05,Replacement Knob,19.25,11.55
80-N6A-07,Replacement Ultra Sonic Bath Plate,26.75,16.05
80-N6A-08,Replacement Injector Adaptor (A),16.95,10.15
80-N6A-09,Replacement Injector Adaptor (B),5.65,3.43
80-N6A-10,Replacement Injector Adaptor (C),5.65,3.4
80-N6A-11,Replacement Plugs,8.55,5.15
80-N6A-12,Replacement O'rings and Fuse Kit,16.95,10.15
80-N6A-13,Replacement Graduated Cylinder,40.75,24.45
80-N6A-14,Replacement Pressure Rail with Gauge,114.95,68.95
80-N6A-15,Replacement Aspirator,16.95,10.15
80-N6A-16,Complete Accessory Kit (Including the Case),322.45,193.45
80-N6A-17,Control Board,252.5,151.45
80-N6A-18,Pump,149.35,89.6
80-N6A-19,Pressure Hose,73.95,44.35
80-N6A-20,Power Unit (110V),295.95,177.55
80-N6A-E220,Fuel Injector Tester & Cleaner 220V Power Supply,1075,645
810-030,Rotary Valve Cover,129.85,96.15
810-038,Rotary Valve Cover,129.85,96.15
810M08250,Wiseco - Kawasaki 750/800 SXI Race Part 2.50mm        ,163.82,133.11
810M08296,Wiseco - Kawasaki 750/800 SXI Race Part 2.96mm        ,163.82,133.11
811-030,RFI Rotary Valve Cover,129.85,96.15
811-130,Rotary Valve Cover,129.85,96.15
81-115-01,Sea-Doo Spark Maintenance Extension Cable,238.85,130.1
813M08000,Wiseco Kawasaki 750'92-95 ProLite STD.                ,111.25,86.09
813M08050,Wiseco - Kawasaki JetSki 750'92-95 ProLite 0.50mm     ,111.25,86.09
813M08100,Wiseco - Kawasaki JetSki 750'92-95 ProLite 1.0mm      ,111.25,86.09
813M08150,Wiseco - Kawasaki 750'92-95 ProLite 1.50mm            ,117.18,94.04
813M08200,Wiseco - Kawasaki 750'92-95 ProLite 2.0mm             ,117.18,94.04
813M08300,Wiseco - Kawasaki 750'92-95 ProLite 3.0mm             ,117.18,94.04
813M08500,Wiseco - Kawasaki 750'92-95 ProLite                   ,117.18,94.04
813M08550,Wiseco - Kawasaki 750'92-95 ProLite 5.50mm            ,117.18,94.04
83-100-SBT,SBT Brand 2 Cycle Break-In Oil,17.95,10.4
83-112K,Oil Change Kit for Sea-Doo 4 Tec Engines,75.85,54.1
83-115K,Oil Change Kit for Sea-Doo Spark Engines,50.95,36.8
83-116K,Oil Change Kit for Sea-Doo 300HP Engines,76.95,54.8
83-213K,Oil Change Kit for Kawasaki 12F and 15F Engines,41.35,29.95
83-215K,"Oil Change Kit for SC Kawasaki Ultra 250,260,300,310",43.45,34.7
83-408K,"Oil Change Kit for Yamaha 4 Stroke VX, FX, FXHO Eng.",33.85,26.05
83-412K,Oil Change Kit for Yamaha 4 Stroke 1.8L Engines,47.95,34.95
83-416K,Oil Change Kit for Yamaha 3 Cyl TR1 Engines,47.95,34.7
837M08200,Wiseco - Kawasaki SX800R '03-10 STD.                  ,124.65,101.28
837M08250,Wiseco - Kawasaki SX800R '03-10 0.50mm                ,124.65,101.28
837M08296,Wiseco - Kawasaki SX800R '03-10 2.96mm                ,142.45,115.74
83-SSTAB-8,Sea-Doo Fuel Stabilizer 8oz ****ORMD LABEL REQD.****  ,12.95,10.65
83-YSTAB-12,Yamaha Fuel Stabilizer 12oz ****ORMD LABEL REQD.****  ,7.45,5.3
83-YSTAB-32,Yamaha Fuel Stabilizer 32oz ****ORMD LABEL REQD.****  ,17.25,13.95
85-103,Sea-Doo shop manual 1998,42.95,31.95
867M08400,Wiseco - Yamaha GP1300R '03-07 STD.                   ,163.82,133.11
911-161,Rotary Valve Cover,129.95,96.25
911-165,Rotary Valve Cover,129.95,96.25
911-169,Rotary Valve Cover,129.95,96.25
BIO-SBT,SBT Brand Break-In Oil (Use 83-100-SBT),17.95,10.4
BR30,Sea-Doo 800 Counter Balance Shaft Bearing (6304),13.75,8.25
BR31,Sea-Doo 800 Counter Balance Shaft (6304-2),13.75,8.25
CR9EKB,NGK CR9EKB Spark Plugs Kawasaki 4 Stroke (2016-2018),12.45,9.3
DCPR7E,NGK DCPR7E Spark Plugs,4.95,3.45
FAGYZ16H,PWC Sealed Battery     ,138.85,106.6
FAYIX30L,PWC Sealed Battery        ,129.85,102.55
FAYTX20HL,PWC Sealed Battery             ,99.95,78.85
FST-115,"Sea-Doo Spark Oval Washer, SS",4.15,2.5
FST-115-1K,Sea-Doo Spark Main Deck SS Oval Washer Kit,74.65,45.15
FST-115-2K,Sea-Doo Spark Front & Rear Decks SS Oval Washer Kit,84.85,50.6
FST-115K,Sea-Doo Spark Whole Deck SS Oval Washer Kit,139.85,83.8
FST-41,Sea-Doo 951 DI Head M10 x 60 Hex Screw,10.95,6.55
FST-41K,Sea-Doo 951 DI Head M10 x 60 Hex Screw Kit,118.85,70.7
FSX-110,Sea-Doo Spark Connecting Rod Bolt ,10.25,6.1
FSX-115K,Sea-Doo Spark Rod Bolts Kit          ,53.85,32.2
KICK01,"Hydro-Turf 1"" Thick Kick Tail                         ",19.95,12.95
KICK02,"Hydro-Turf 2"" Thick Kick Tail                         ",27.95,18.15
KICK03,"Hydro-Turf 2"" Thick Corner Kicks                      ",34.95,22.7
KICK03-PSA,"Hydro-Turf 2"" Thick Corner Kicks W/PSA                ",39.95,25.95
KR9E-G,KR9C-G/KR9E-G Sea-Doo 300HP Spark Plugs,12.95,8.65
"MK-BN38,44-SPR",Mikuni Carb. Rebuild Kit for SBN38 and BN44 (sqr.pump),62.8,46.95
MK-BN44I-YAM,Mikuni Carburetor Rebuild Kit for BN44I,62.95,48.35
P29-112,Premium Sea-Doo 4 Stroke Aftermarket Engine (2003-2005,3669.95,2849.95
P29-112A,Premium Sea-Doo 4 Stroke Aftermarket Engine (2006 and,3669.95,2849.95
P29-113,Premium Sea-Doo 4 Stroke SC Aftermarket Engine,4198.95,3199.95
P29-113A,Premium Sea-Doo 4 Stroke SC Aftermarket Engine (2006 a,4198.95,3199.95
P29-114A,Premium Sea-Doo 4 Stroke Aftermarket Engine GTI 130(06,3669.95,2849.95
P29-410,Premium Yamaha VX 110 Aftermarket Engine,3669.95,2849.95
P29-411,Premium Yamaha 4 Stroke Aftermarket Engine,4198.95,3199.95
P40-101O,Premium Sea-Doo 587 Yellow Oval,899.95,725.25
P40-101P,Premium Sea-Doo 587 Yellow Pipe,899.95,725.25
P40-102,Premium Sea-Doo 587 White,1024.95,822.95
P40-103,Premium Sea-Doo 657,1149.95,905.85
P40-104,Premium Sea-Doo 657X,1299.95,999.95
P40-105,Premium Sea-Doo 717,1299.95,999.95
P40-107,Premium Sea-Doo 787,1499.95,1265.8
P40-108,Premium Sea-Doo 951 White,1915.95,1523
P40-109,Premium Sea-Doo 951 silver,1915.95,1523
P40-110,Premium Sea-Doo 787RFI (Smooth),1699.95,1355.5
P40-110A,Premium Sea-Doo 787RFI (Webbed),1699.95,1355.5
P40-111,Premium Sea-Doo951 DI 6 Port Cyl Black Inj Threaded f,2279.95,2051.35
P40-111C,Premium Sea-Doo 951 DI  5 port cast fitting  Grey Inje,2279.95,2051.35
P40-112,Premium Sea-Doo GTX 4-TEC up to 2005,2879.95,2295
P40-112A,Premium Sea-Doo GTX 4-TEC 2006-2008,2879.95,2295
P40-112C,Premium Sea-Doo GTX 4-Tec 2009 and up (VC with Tabs),2879.95,2295
P40-112D,Premium Sea-Doo 4-TEC 2016 and up (1653 case),2879.95,2295
P40-113,Premium Sea-Doo 4-TEC SC up to 2005,3399.95,2847.6
P40-113A,Premium Sea-Doo 4-TEC SC 2006 & Up,3399.95,2847.6
P40-113C,Premium Sea-Doo 4-TEC SC 2009 & Up (VC with Tabs),3399.95,2847.6
P40-113D,Premium Sea-Doo 4-TEC SC 2016 and up (1653 case),3399.95,2847.6
P40-114A,Premium Sea-Doo 4-Tech GTI 130 2006 and Up,2879.95,2295
P40-114C,Premium Sea-Doo 4-Tech GTI 130 2009 and Up (VC with Tabs),2879.95,2295
P40-114D,Premium Sea-Doo 4 TEC GTI 130 2016 and up (1653 case),2879.95,2295
P40-116,Premium Sea-Doo 300,3399.95,2847.6
P40-202,Premium Kawasaki 550 1976-1990,1399.95,1061.3
P40-202B,Premium Kawasaki 550 1991-1995,1399.95,1061.3
P40-203,Premium Kawasaki 650 18mm,1024.95,822.95
P40-203B,Premium Kawasaki 650 X2 20mm,1024.95,822.95
P40-205,Premium Kawasaki 750 18mm,1399.95,1061.3
P40-206,Premium Kawasaki 750 20mm,1399.95,1061.3
P40-207,Premium Kawasaki 750 Big Pin,1399.95,1061.3
P40-208,Premium Kawasaki 800 SX-R,1499.95,1265.8
P40-209,Premium Kawasaki 900,1599.95,1306.9
P40-210,Premium Kawasaki 1100,1699.95,1355.5
P40-211,Premium Kawasaki 1200 Ultra,2279.95,2051.35
P40-212,Premium Kawasaki 1100 DI,2279.95,2051.35
P40-213,Premium Kawasaki 12F,2879.95,2295
P40-214,Premium Kawasaki 15F,3095.95,2595
P40-214A,Premium Kawasaki 15F (2007 and 2008),3095.95,2595
P40-214B,Premium Kawasaki 15F (09 & Up),3095.95,2595
P40-301NP,Premium Polaris650NP,1149.95,998.95
P40-301P,Premium Polaris650P,1149.95,998.95
P40-302,Premium Polaris700,1299.95,999.95
P40-302H,Premium Polaris700H,1299.95,999.95
P40-302S,Premium Polaris700 6mm stator (2000 and up),1299.95,999.95
P40-303NP,Premium Polaris750NP,1299.95,999.95
P40-303P,Premium Polaris750P,1299.95,999.95
P40-304,Premium Polaris780,1299.95,999.95
P40-305,Premium Polaris900,1499.95,1265.8
P40-306,Premium Polaris1050 ('98-'99 All Models),1499.95,1265.8
P40-306H,Premium Polaris1050 ('96-'97 SLTX and '97 SL),1499.95,1265.8
P40-307,Premium Polaris1200,1899.95,1598.85
P40-308,Premium Polaris1200 DI except MSX 140,2279.95,2051.35
P40-309,Premium Polaris1200 DI MSX140,2279.95,2051.35
P40-310,Premium Polaris 800,1699.95,1397.3
P40-311,Premium Polaris 800 DI,1899.95,1586.95
P40-400,Premium Yamaha 500,1299.95,999.95
P40-401,Premium Yamaha 650 (1 Piece Head),1024.95,822.95
P40-401L,Premium Yamaha 650LX (2 Piece Head),1024.95,822.95
P40-402Q,Premium Yamaha 701 Custom Build,1149.95,998.95
P40-402S,Premium Yamaha 701S,1024.95,822.95
P40-402T,Premium Yamaha 701T,1299.95,999.95
P40-402X,Premium Yamaha 701X,1024.95,822.95
P40-403,Premium Yamaha 760,1399.95,1061.3
P40-404NB,Premium Yamaha 1100 without brackets,1599.95,1306.9
P40-405NB,Premium Yamaha 1200 without brackets,1599.95,1306.9
P40-406,Premium Yamaha 800,1899.95,1448.85
P40-407,Premium Yamaha 1200PV,2279.95,1994.2
P40-408A,Premium Yamaha FX 140 (Dimples for oil),2699.95,2323.2
P40-408B,Premium Yamaha FX 140 (Slots for oil),2699.95,2323.2
P40-409,Premium Yamaha VX 110,2124.95,1911.9
P40-410,Premium Yamaha FX HO,2879.95,2295
P40-411,"Premium Yamaha 1.8l SHO Engine (big plate, breather ho",3195.95,2684.95
P40-412,Yamaha 1.8L SC w/ Small Plate (one wire) & No Breather,4598.95,3862.95
P40-412A,Yamaha 1.8L SC with Big Plate and No Breather Hole,4598.95,3862.95
P40-412B,Yamaha 1.8L SC with Small Plate (two wires) & no Breat,4598.95,3862.95
P40-413,Premium Yamaha 1300NPV                                ,2124.65,1911.65
P40-414,Premium Yamaha 1.8l N/A,4498.95,3778.95
P40-414A,Yamaha 1.8L N/A w/ Small Plate (one wire) and No Breat,4498.95,3778.95
P40-414B,Yamaha 1.8L N/A with Big Plate and No Breather Hole,4498.95,3778.95
P40-414C,Yamaha1.8L N/A (small earth plate with breather),4498.95,3778.95
P40-415,"Premium Yamaha1.8l N/A Engine (big plate,breather hole",4598.95,3862.95
P40-417,Premium Yamaha 1.8l Engine FX SVHO,4498.95,3778.95
P40-417A,"Premium Yamaha 1.8L N/A (small plate, no breather hole",4498.95,3778.95
P40-417B,"Premium Yamaha 1.8L N/A (big plate, no breather hole)",4498.95,3778.95
P40-418,"Premium Yamaha 1.8l SHO Engine, Upgrade",4598.95,3862.95
P40-418A,"Yamaha 1.8L SC w/ Sm. Plate (one wire)&No Breather,Upg",4598.95,3862.95
P40-418B,"Yamaha 1.8L SC with Big Plate and No Breather Hole,Upg",4598.95,3862.95
P40-501,Premium Tigershark 640 18mm coupler,1299.95,999.95
P40-501C,Premium Tigershark 640 24mm coupler,1299.95,999.95
P40-502,Premium Tigershark 770,1299.95,999.95
P40-503,Premium Tigershark 900 finger style coupler,2159.95,1931.95
P40-503B,Premium Tigershark 900 bullet style coupler,2159.95,1931.95
P40-504,Premium Tigershark 1000,2159.95,1931.95
P40-600,Premium Honda Non Turbo,2699.95,2323.2
P40-601,Premium Honda F12X R12X Turbo Engine,3195.95,2684.95
PH113D-01,Sea-Doo PTO Housing **CORES FIRST**                   ,299.95,222.95
RD027D,Yamaha SHO 1.8l Connecting Rod,156.95,93.95
RD027E,Yamaha 1.8l Connecting Rod (N/A),156.95,93.95
RD032,Sea-Doo Spark Connecting Rod Assy,109.95,65.95
RD033,Sea-Doo 300 Connecting Rod,152.95,91.75
SBT522,KNURL,189.95,132.55
TIME&INSTALL,Engine Time & Install Rotary Valve Cover,65,60
"All pricing subject to change. SBT will not be liable for errors in product description, pricing.",,,
"SBT is not affliliated with any of the OEMS referred, part numbers are provided for reference only",,,
AZ-SEW07,F-15 / F-15X,272.95,177.4
AZ-SEW40,Kawasaki X2,146.95,95.5
AZ-SEW40-A,Kawasaki X2,146.95,95.5
AZ-SEW40-B,Kawasaki X2,146.95,95.5
AZ-SEW62,Ultra LX250 07-08/260X 09-12/300X 11-13/310X 14-20,262.95,170.9
AZ-SEW621,Ultra LX/250 07-08/260X 09-12/300X 11-13/310X 14-19,262.95,170.9
AZ-SEW621-B,Ultra 310R (14-20) & 310X SE (14-19),262.95,170.9
AZ-SEW621-C,Ultra 310R & 310X SE (14-19),262.95,170.9
AZ-SEW62-B,Ultra 310R & 310X SE (14-19),262.95,170.9
AZ-SEW62C,Ultra 260LX 10-12/Ultra LX250/300/310 LX 11-20,289.95,188.45
AZ-SEW62C-B,Ultra 260LX (10-12 )/LX/250LX/300LX/310LX 11-18,289.95,188.45
AZ-SEW641,STX-12F (06-11) / STX-15F (06-19),246.95,160.5
AZ-SEW642,STX-160 / STX-160X (20),246.95,160.5
AZ-SEW643,STX-160LX (20),272.95,177.4
AZ-SEW643-A,STX 160LX,272.95,177.4
AZ-SEW643-B,STX 160LX (20),272.95,177.4
AZ-SEW64R,1200 STX-R/02-05/STX 03-05/900 STX 06/STX 12-13,272.95,177.4
AZ-SEW64R-B,1200 STX-R 02-05/STX 03-05/900 STX 06/STX 12-13,272.95,177.4
AZ-SEW68P,800 SXR & 750 SX / SXI Chinpad,62.95,40.9
AZ-SEW68P-B,800 SX-R + 750 SX / SXi Chinpad,62.95,40.9
AZ-SEW68P-C,800 SX-R + 750 SX / SXI Chinpad,62.95,40.9
AZ-SEW701,"EX, EX Sport, EX Deluxe (17-20)",229.95,149.45
AZ-SEW701-A,"EX, EX Sport, EX Deluxe (17-20)",229.95,149.45
AZ-SEW701-B,"EX, EX Sport, EX Deluxe (17-20)",229.95,149.45
AZ-SEW74,Wave Blaster I,172.95,112.4
AZ-SEW741,WaveBlaster II,183.95,119.5
AZ-SEW741-B,WaveBlaster 2,183.95,119.5
AZ-SEW742,WaveBlaster 800,183.95,119.5
AZ-SEW742-A,WaveBlaster 800,183.95,119.5
AZ-SEW74-A,WaveBlaster,172.95,112.4
AZ-SEW74-B,WaveBlaster,172.95,112.4
AZ-SEW751P,SuperJet (96-18) / FX1 Chinpad,62.95,40.9
AZ-SEW751P-B,SuperJet (96-19) / FX1 Chinpad,62.95,40.9
AZ-SEW784,XL1200 Limited (99-00) / XL800 (00-01),262.95,170.9
AZ-SEW784-A,XL1200 Limited (99-00) / XL800 (00-01),262.95,170.9
AZ-SEW784-B,XL1200 Limited (99-00) / XL800 (00-01),262.95,170.9
AZ-SEW784-C,XL1200 Limited (99-00) / XL800 (00-01),262.95,170.9
AZ-SEW79,GP / GP 1200R (99 & PRE 99),239.95,155.95
AZ-SEW791,GP 800R (01-02) / 1200R (00-02),217.95,141.65
AZ-SEW791-B,GP 800R (01-02) / 1200R (00-02),217.95,141.65
AZ-SEW791-C,GP 800R (01-02) / 1200R (00-02),217.95,141.65
AZ-SEW792,GP 800R (03-04) / GP 1300R (03-08),217.95,141.65
AZ-SEW792-B,GP 800R (03-04) / GP 1300R (03-08),217.95,141.65
AZ-SEW792-C,GP 800R (03-04) / GP 1300R (03-08),217.95,141.65
AZ-SEW79-A,GP / GP 1200R (Pre 2000),217.95,141.65
AZ-SEW81,Spark & Trixx 2-Up (14-20),199.95,129.95
AZ-SEW811,Spark 2-Up (14-20),228.95,148.8
AZ-SEW811-A,Spark 2-Up (14-20),228.95,148.8
AZ-SEW811-B,Spark & Trixx 3-Up (14-20),228.95,148.8
AZ-SEW81-A,Spark 3-Up (14-20),199.95,129.95
AZ-SEW81-B,Spark 3-Up (14-20),199.95,129.95
AZ-SEW81T,Spark & Trixx 2-Up Comfort Seat (14-20),199.95,129.95
AZ-SEW81T-B,Spark 2-Up Comfort Seat (14-20),199.95,129.95
AZ-SEW821,GTX (96-99) / GTI (97-00),335.95,218.35
AZ-SEW821-B,GTX (96-99) / GTI (97-00),335.95,218.35
AZ-SEW824,GTI 4-Tec 06-08/GTI/SE 130/15/Wake 155 09-10,272.95,177.4
AZ-SEW824-B,GTX 4-Tec 06-08/GTI/GTI SE 130/155/Wake 155 09-10,272.95,177.4
AZ-SEW83,XP (93-96) / SP Family (94-99),199.95,129.95
AZ-SEW831,XP (93-96) / SP Family (94-99),199.95,129.95
AZ-SEW831-B,GX / GSX,199.95,129.95
AZ-SEW83-B,GX / GSX,199.95,129.95
AZ-SEW84,"XP, XPL (97-04)",199.95,129.95
AZ-SEW84-B,XP / XPL (97-04),199.95,129.95
AZ-SEW86,RX / RXX,217.95,141.65
AZ-SEW88,GTX Di 02-03/GTX 4-Tec 02-06/RXT 05-09 *Notes,262.95,170.9
AZ-SEW881,GTX (07-09) / GTX LTD (08) (not iS),279.95,181.95
AZ-SEW881-B,GTX (07-09) / GTX Limited (08) (not iS),279.95,181.95
AZ-SEW882,RXT-iS 09-12/RXT 260/RXT-X 260/RXT-X aS 260 12-15,366.95,238.5
AZ-SEW882-A,RXT-iS 09-12/RXT 260/RXT-X 260 *See Note,366.95,238.5
AZ-SEW882-B,RXT-iS 09-12/RXT 260/RXT-X 260 *See Note,366.95,238.5
AZ-SEW883,GTX LTD iS (09-15) / GTX 155/215 Wake Pro (10-15),366.95,238.5
AZ-SEW883-A,GXT LTD iS (09-15) / GTX 155 / GTX 215 (10-15),366.95,238.5
AZ-SEW884,GTS130 / GTI (11-17) / Wake 155 (12-17),346.95,225.5
AZ-SEW884-B,GTS 130 / GTI (11-17) / Wake 155 (12-17),346.95,225.5
AZ-SEW885,GTR 215 12-16/GTI SE/LTD 155 12-19/GTR 230 17-19,366.95,238.5
AZ-SEW885-A,GTR 215/GTI SE 130/GTI SE 155/GTI LTD 155 (12-16),366.95,238.5
AZ-SEW886,RXT-X 300/RXT-X aS 260/RXT 260/Wake Pro 215 16-17,366.95,238.5
AZ-SEW887,GTX LTD 215/260/300/GTX/S 155 16-17/GTR-230 17,398.95,259.3
AZ-SEW888,GTX & GTX LTD (18-20),398.95,259.3
AZ-SEW888-A,GTX /GTX LTD (18-19),398.95,259.3
AZ-SEW889,GTI SE 130 & 170 / GTI 90 & 130 / GTR 230 (20),367.95,239.15
AZ-SEW889-A,GTI SE 130/170 / GTI 90/130 / GTR 230 (20),367.95,239.15
AZ-SEW88-B,GTX Di 02-03/GTX 4-Tec 02-06/RXT 05-09 *Notes,262.95,170.9
AZ-SEW89,RXP (04-08),219.95,142.95
AZ-SEW891,RXP-X (04-11),219.95,142.95
AZ-SEW891-B,RXP-X (04-11),219.95,142.95
AZ-SEW892,RXP-X 260 (12-15)/ RXP-X 300 (16-17)/GTR-X230 (17),272.95,177.4
AZ-SEW892-A,RXP-X 260 (12-15) / RXP-X 300 (16),272.95,177.4
AZ-SEW892-B,RXP-X 260 (12-15) / RXP-X 300 (16),272.95,177.4
AZ-SEW893,"RXT 230 (19), RXT-X 300 & Wake Pro 230 (18-20)",366.95,238.5
AZ-SEW893-A,"RXT 230 (19), RXT-X 300 + WAKE PRO 230 (18-20)",366.95,238.5
AZ-SEW893-B,"RXT 230 (19), RXT-X 300 + WAKE PRO 230 (18-20)",366.95,238.5
AZ-SEW89-B,RXP (04-08),219.95,142.95
AZ-SEWFX1,FX SHO (08-11),335.95,218.35
AZ-SEWFX11,FX HO (12-18) / FX SHO (12-16) / FX SVHO (14-18),335.95,218.35
AZ-SEWFX11-B,FX SHO & FX HO (12-15),335.95,218.35
AZ-SEWFX1-D,FX SHO (08-11),335.95,218.35
AZ-SEWFX21,FX Cruiser HO & FX Cruiser SHO (12-13),366.95,238.5
AZ-SEWFX21-B,FX Cruiser HO & FX Cruiser SHO (12-13),366.95,238.5
AZ-SEWFX22, FX Cruisers:HO 14-18/SHO 14-16/SVHO/LTD 15-18,366.95,238.5
AZ-SEWFX3,FX HO/FX SVHO (19-20),366.95,238.5
AZ-SEWFX3-A,FX HO/SVHO (19-20),366.95,238.5
AZ-SEWFX3C,FX Cruiser HO & FX Cruiser SVHO & LTD (19-20),366.95,238.5
AZ-SEWFX3C-A,FX Cruiser HO/SVHO/Limited (19-20),366.95,238.5
AZ-SEWFZR,FZR (09-11),296.95,193
AZ-SEWFZR1,FZR (09-11),335.95,218.35
AZ-SEWFZR1-B,FZR (12-16),335.95,218.35
AZ-SEWFZR-B,FZR (12-16),296.95,193
AZ-SEWFZS,FZS (09-16),296.95,193
AZ-SEWFZS-B,FZS (09-16),296.95,193
AZ-SEWVX,VX/ VX Deluxe/ VX Sport (05-09),261.95,170.25
AZ-SEWVX1,VXS/VX Deluxe/Sport (10-14) / V1/Sport (15-16),262.95,170.9
AZ-SEWVX1-B,VXS/VX DLX/Sport (10-14) / V1 / V1 Sport (15-16),262.95,170.9
AZ-SEWVX2,VXS (15-16) /VX & VX Deluxe (15-20),366.95,238.5
AZ-SEWVXC1,VX Cruiser (10-14),366.95,238.5
AZ-SEWVXC1-B,VX Cruiser (10-14),366.95,238.5
AZ-SEWVXC2,VX Cruiser 15-20/VX Cruiser HO/VX LTD 16-20,366.95,238.5
AZ-SEWVXC2-B,VX Cruiser (15-20) / VX Cruiser HO/VX LTD (16-20),366.95,238.5
AZ-SEWVXR,VXR (11-14),272.95,177.4
AZ-SEWVXR1,VXR (11-14),335.95,218.35
AZ-SEWVXR1-B,VXR (15-19) / GP1800 (19-20),335.95,218.35
AZ-SEWVXR-B,VXR (15-19) /GP1800 (17-20),272.95,177.4
BLOCK-02,"Hydro Turf 2"" Thick Mounting Block (4.7"" x 5.",13.95,9.05
BLOCK-02-PSA,"Hydro Turf 2"" Mounting Block W/PSA (4.7"" x 5.1"").",18.95,12.3
BLOCK-04,"Hydro-Turf 4"" Thick Mounting Block (4.7""X5.1"")",27.65,17.95
BLOCK-04-PSA,"Hydro-Turf 4"" Thick Mounting Block  W/PSA (4.7""X5.1"")",31.95,20.75
HT05-2TDPSA-BLK-BLU,F-12 / F-12X,158.95,103.3
HT05-2TDPSA-BLK-DKGR,F-12 / F-12X,158.95,103.3
HT05-2TDPSA-BLK-GRA,F-12 / F-12X,158.95,103.3
HT05-2TDPSA-BLK-LG,F-12 / F-12X,158.95,103.3
HT05-2TDPSA-BLK-ORAN,F-12 / F-12X,158.95,103.3
HT05-2TDPSA-BLK-PINK,F-12 / F-12X,158.95,103.3
HT05-2TDPSA-BLK-RED,F-12 / F-12X,158.95,103.3
HT05-2TDPSA-BLK-WHT,F-12 / F-12X,158.95,103.3
HT05-2TDPSA-BLK-YELL,F-12 / F-12X,158.95,103.3
HT05-2TDPSA-BLU-BLK,F-12 / F-12X,158.95,103.3
HT05-2TDPSA-DKG-BLK,F-12 / F-12X,158.95,103.3
HT05-2TDPSA-GRA-BLK,F-12 / F-12X,158.95,103.3
HT05-2TDPSA-LG-BLK,F-12 / F-12X,158.95,103.3
HT05-2TDPSA-RED-BLK,F-12 / F-12X,158.95,103.3
HT05-2TGPSA-BLK-BLU,F-12 / F-12X,158.95,103.3
HT05-2TGPSA-BLK-DKGR,F-12 / F-12X,158.95,103.3
HT05-2TGPSA-BLK-GRA,F-12 / F-12X,158.95,103.3
HT05-2TGPSA-BLK-LG,F-12 / F-12X,158.95,103.3
HT05-2TGPSA-BLK-ORAN,F-12 / F-12X,158.95,103.3
HT05-2TGPSA-BLK-PINK,F-12 / F-12X,158.95,103.3
HT05-2TGPSA-BLK-RED,F-12 / F-12X,158.95,103.3
HT05-2TGPSA-BLK-WHT,F-12 / F-12X,158.95,103.3
HT05-2TGPSA-BLK-YELL,F-12 / F-12X,158.95,103.3
HT05-2TGPSA-BLU-BLK,F-12 / F-12X,158.95,103.3
HT05-2TGPSA-DKG-BLK,F-12 / F-12X,158.95,103.3
HT05-2TGPSA-GRA-BLK,F-12 / F-12X,158.95,103.3
HT05-2TGPSA-LG-BLK,F-12 / F-12X,158.95,103.3
HT05-2TGPSA-RED-BLK,F-12 / F-12X,158.95,103.3
HT05DPSA-BLCA,F-12 / F-12X,131.95,85.75
HT05DPSA-BLK,F-12 / F-12X,131.95,85.75
HT05DPSA-BLMA,F-12 / F-12X,131.95,85.75
HT05DPSA-DBlU,F-12 / F-12X,131.95,85.75
HT05DPSA-DKGR,F-12 / F-12X,131.95,85.75
HT05DPSA-Gray,F-12 / F-12X,131.95,85.75
HT05DPSA-GRCA,F-12 / F-12X,131.95,85.75
HT05DPSA-LG,F-12 / F-12X,131.95,85.75
HT05DPSA-LGCA,F-12 / F-12X,131.95,85.75
HT05DPSA-LTBLU,F-12 / F-12X,131.95,85.75
HT05DPSA-ORAN,F-12 / F-12X,131.95,85.75
HT05DPSA-PINK,F-12 / F-12X,131.95,85.75
HT05DPSA-PLMA,F-12 / F-12X,131.95,85.75
HT05DPSA-PRPL,F-12 / F-12X,131.95,85.75
HT05DPSA-RBLU,F-12 / F-12X,131.95,85.75
HT05DPSA-RDCA,F-12 / F-12X,131.95,85.75
HT05DPSA-RED,F-12 / F-12X,131.95,85.75
HT05DPSA-RLMA,F-12 / F-12X,131.95,85.75
HT05DPSA-SNCA,F-12 / F-12X,131.95,85.75
HT05DPSA-WHT,F-12 / F-12X,131.95,85.75
HT05DPSA-Yell,F-12 / F-12X,131.95,85.75
HT05DPSA-YLCA,F-12 / F-12X,131.95,85.75
HT05GPSA-BLCA,F-12 / F-12X,131.95,85.75
HT05GPSA-BLK,F-12 / F-12X,131.95,85.75
HT05GPSA-BLMA,F-12 / F-12X,131.95,85.75
HT05GPSA-DBlU,F-12 / F-12X,131.95,85.75
HT05GPSA-DKGR,F-12 / F-12X,131.95,85.75
HT05GPSA-Gray,F-12 / F-12X,131.95,85.75
HT05GPSA-GRCA,F-12 / F-12X,131.95,85.75
HT05GPSA-LG,F-12 / F-12X,131.95,85.75
HT05GPSA-LGCA,F-12 / F-12X,131.95,85.75
HT05GPSA-LTBLU,F-12 / F-12X,131.95,85.75
HT05GPSA-ORAN,F-12 / F-12X,131.95,85.75
HT05GPSA-PINK,F-12 / F-12X,131.95,85.75
HT05GPSA-PLMA,F-12 / F-12X,131.95,85.75
HT05GPSA-PRPL,F-12 / F-12X,131.95,85.75
HT05GPSA-RBLU,F-12 / F-12X,131.95,85.75
HT05GPSA-RDCA,F-12 / F-12X,131.95,85.75
HT05GPSA-RED,F-12 / F-12X,131.95,85.75
HT05GPSA-RLMA,F-12 / F-12X,131.95,85.75
HT05GPSA-SNCA,F-12 / F-12X,131.95,85.75
HT05GPSA-WHT,F-12 / F-12X,131.95,85.75
HT05GPSA-Yell,F-12 / F-12X,131.95,85.75
HT05GPSA-YLCA,F-12 / F-12X,131.95,85.75
HT05MDPSA-BLK,F-12 / F-12X,131.95,85.75
HT05MDPSA-DKGR,F-12 / F-12X,131.95,85.75
HT05MDPSA-Gray,F-12 / F-12X,131.95,85.75
HT05MDPSA-LG,F-12 / F-12X,131.95,85.75
HT05MDPSA-RBLU,F-12 / F-12X,131.95,85.75
HT05MDPSA-RED,F-12 / F-12X,131.95,85.75
HT05MDPSA-WHT,F-12 / F-12X,131.95,85.75
HT06-2TDPSA-BLK-BLU,R-12 / R12-X,158.95,103.3
HT06-2TDPSA-BLK-DKGR,R-12 / R12-X,158.95,103.3
HT06-2TDPSA-BLK-GRA,R-12 / R12-X,158.95,103.3
HT06-2TDPSA-BLK-LG,R-12 / R12-X,158.95,103.3
HT06-2TDPSA-BLK-ORAN,R-12 / R12-X,158.95,103.3
HT06-2TDPSA-BLK-PINK,R-12 / R12-X,158.95,103.3
HT06-2TDPSA-BLK-RED,R-12 / R12-X,158.95,103.3
HT06-2TDPSA-BLK-WHT,R-12 / R12-X,158.95,103.3
HT06-2TDPSA-BLK-YELL,R-12 / R12-X,158.95,103.3
HT06-2TDPSA-BLU-BLK,R-12 / R12-X,158.95,103.3
HT06-2TDPSA-DKG-BLK,R-12 / R12-X,158.95,103.3
HT06-2TDPSA-GRA-BLK,R-12 / R12-X,158.95,103.3
HT06-2TDPSA-LG-BLK,R-12 / R12-X,158.95,103.3
HT06-2TDPSA-RED-BLK,R-12 / R12-X,158.95,103.3
HT06-2TGPSA-BLK-BLU,R-12 / R12-X,158.95,103.3
HT06-2TGPSA-BLK-DKGR,R-12 / R12-X,158.95,103.3
HT06-2TGPSA-BLK-GRA,R-12 / R12-X,158.95,103.3
HT06-2TGPSA-BLK-LG,R-12 / R12-X,158.95,103.3
HT06-2TGPSA-BLK-ORAN,R-12 / R12-X,158.95,103.3
HT06-2TGPSA-BLK-PINK,R-12 / R12-X,158.95,103.3
HT06-2TGPSA-BLK-RED,R-12 / R12-X,158.95,103.3
HT06-2TGPSA-BLK-WHT,R-12 / R12-X,158.95,103.3
HT06-2TGPSA-BLK-YELL,R-12 / R12-X,158.95,103.3
HT06-2TGPSA-BLU-BLK,R-12 / R12-X,158.95,103.3
HT06-2TGPSA-DKG-BLK,R-12 / R12-X,158.95,103.3
HT06-2TGPSA-GRA-BLK,R-12 / R12-X,158.95,103.3
HT06-2TGPSA-LG-BLK,R-12 / R12-X,158.95,103.3
HT06-2TGPSA-RED-BLK,R-12 / R12-X,158.95,103.3
HT06-2TG-RED-BLK,R-12 / R12-X,158.95,103.3
HT06DPSA-BLCA,R-12 / R12-X,131.95,85.75
HT06DPSA-BLK,R-12 / R12-X,131.95,85.75
HT06DPSA-BLMA,R-12 / R12-X,131.95,85.75
HT06DPSA-DBlU,R-12 / R12-X,131.95,85.75
HT06DPSA-DKGR,R-12 / R12-X,131.95,85.75
HT06DPSA-Gray,R-12 / R12-X,131.95,85.75
HT06DPSA-GRCA,R-12 / R12-X,131.95,85.75
HT06DPSA-LG,R-12 / R12-X,131.95,85.75
HT06DPSA-LGCA,R-12 / R12-X,131.95,85.75
HT06DPSA-LTBLU,R-12 / R12-X,131.95,85.75
HT06DPSA-ORAN,R-12 / R12-X,131.95,85.75
HT06DPSA-PINK,R-12 / R12-X,131.95,85.75
HT06DPSA-PLMA,R-12 / R12-X,131.95,85.75
HT06DPSA-PRPL,R-12 / R12-X,131.95,85.75
HT06DPSA-RBLU,R-12 / R12-X,131.95,85.75
HT06DPSA-RDCA,R-12 / R12-X,131.95,85.75
HT06DPSA-RED,R-12 / R12-X,131.95,85.75
HT06DPSA-RLMA,R-12 / R12-X,131.95,85.75
HT06DPSA-SNCA,R-12 / R12-X,131.95,85.75
HT06DPSA-WHT,R-12 / R12-X,131.95,85.75
HT06DPSA-Yell,R-12 / R12-X,131.95,85.75
HT06DPSA-YLCA,R-12 / R12-X,131.95,85.75
HT06GPSA-BLCA,R-12 / R12-X,131.95,85.75
HT06GPSA-BLK,R-12 / R12-X,131.95,85.75
HT06GPSA-BLMA,R-12 / R12-X,131.95,85.75
HT06GPSA-DBlU,R-12 / R12-X,131.95,85.75
HT06GPSA-DKGR,R-12 / R12-X,131.95,85.75
HT06GPSA-Gray,R-12 / R12-X,131.95,85.75
HT06GPSA-GRCA,R-12 / R12-X,131.95,85.75
HT06GPSA-LG,R-12 / R12-X,131.95,85.75
HT06GPSA-LGCA,R-12 / R12-X,131.95,85.75
HT06GPSA-LTBLU,R-12 / R12-X,131.95,85.75
HT06GPSA-ORAN,R-12 / R12-X,131.95,85.75
HT06GPSA-PINK,R-12 / R12-X,131.95,85.75
HT06GPSA-PLMA,R-12 / R12-X,131.95,85.75
HT06GPSA-PRPL,R-12 / R12-X,131.95,85.75
HT06GPSA-RBLU,R-12 / R12-X,131.95,85.75
HT06GPSA-RDCA,R-12 / R12-X,131.95,85.75
HT06GPSA-RED,R-12 / R12-X,131.95,85.75
HT06GPSA-RLMA,R-12 / R12-X,131.95,85.75
HT06GPSA-SNCA,R-12 / R12-X,131.95,85.75
HT06GPSA-WHT,R-12 / R12-X,131.95,85.75
HT06GPSA-Yell,R-12 / R12-X,131.95,85.75
HT06GPSA-YLCA,R-12 / R12-X,131.95,85.75
HT06MDPSA-BLK,R-12 / R12-X,131.95,85.75
HT06MDPSA-DKGR,R-12 / R12-X,131.95,85.75
HT06MDPSA-Gray,R-12 / R12-X,131.95,85.75
HT06MDPSA-LG,R-12 / R12-X,131.95,85.75
HT06MDPSA-RBLU,R-12 / R12-X,131.95,85.75
HT06MDPSA-RED,R-12 / R12-X,131.95,85.75
HT06MDPSA-WHT,R-12 / R12-X,131.95,85.75
HT07-2TDPSA-BLK-BLU,F-15X,158.95,103.3
HT07-2TDPSA-BLK-DKGR,F-15X,158.95,103.3
HT07-2TDPSA-BLK-GRA,F-15X,158.95,103.3
HT07-2TDPSA-BLK-LG,F-15X,158.95,103.3
HT07-2TDPSA-BLK-ORAN,F-15X,158.95,103.3
HT07-2TDPSA-BLK-PINK,F-15X,158.95,103.3
HT07-2TDPSA-BLK-RED,F-15X,158.95,103.3
HT07-2TDPSA-BLK-WHT,F-15X,158.95,103.3
HT07-2TDPSA-BLK-YELL,F-15X,158.95,103.3
HT07-2TDPSA-BLU-BLK,F-15X,158.95,103.3
HT07-2TDPSA-DKG-BLK,F-15X,158.95,103.3
HT07-2TDPSA-GRA-BLK,F-15X,158.95,103.3
HT07-2TDPSA-LG-BLK,F-15X,158.95,103.3
HT07-2TDPSA-RED-BLK,F-15X,158.95,103.3
HT07-2TGPSA-BLK-BLU,F-15X,158.95,103.3
HT07-2TGPSA-BLK-DKGR,F-15X,158.95,103.3
HT07-2TGPSA-BLK-GRA,F-15X,158.95,103.3
HT07-2TGPSA-BLK-LG,F-15X,158.95,103.3
HT07-2TGPSA-BLK-ORAN,F-15X,158.95,103.3
HT07-2TGPSA-BLK-PINK,F-15X,158.95,103.3
HT07-2TGPSA-BLK-RED,F-15X,158.95,103.3
HT07-2TGPSA-BLK-WHT,F-15X,158.95,103.3
HT07-2TGPSA-BLK-YELL,F-15X,158.95,103.3
HT07-2TGPSA-BLU-BLK,F-15X,158.95,103.3
HT07-2TGPSA-DKG-BLK,F-15X,158.95,103.3
HT07-2TGPSA-GRA-BLK,F-15X,158.95,103.3
HT07-2TGPSA-LG-BLK,F-15X,158.95,103.3
HT07-2TGPSA-RED-BLK,F-15X,158.95,103.3
HT07DPSA-BLCA,F-15X,131.95,85.75
HT07DPSA-BLK,F-15X,131.95,85.75
HT07DPSA-BLMA,F-15X,131.95,85.75
HT07DPSA-DBlU,F-15X,131.95,85.75
HT07DPSA-DKGR,F-15X,131.95,85.75
HT07DPSA-Gray,F-15X,131.95,85.75
HT07DPSA-GRCA,F-15X,131.95,85.75
HT07DPSA-LG,F-15X,131.95,85.75
HT07DPSA-LGCA,F-15X,131.95,85.75
HT07DPSA-LTBLU,F-15X,131.95,85.75
HT07DPSA-ORAN,F-15X,131.95,85.75
HT07DPSA-PINK,F-15X,131.95,85.75
HT07DPSA-PLMA,F-15X,131.95,85.75
HT07DPSA-PRPL,F-15X,131.95,85.75
HT07DPSA-RBLU,F-15X,131.95,85.75
HT07DPSA-RDCA,F-15X,131.95,85.75
HT07DPSA-RED,F-15X,131.95,85.75
HT07DPSA-RLMA,F-15X,131.95,85.75
HT07DPSA-SNCA,F-15X,131.95,85.75
HT07DPSA-WHT,F-15X,131.95,85.75
HT07DPSA-Yell,F-15X,131.95,85.75
HT07DPSA-YLCA,F-15X,131.95,85.75
HT07GPSA-BLCA,F-15X,131.95,85.75
HT07GPSA-BLK,F-15X,131.95,85.75
HT07GPSA-BLMA,F-15X,131.95,85.75
HT07GPSA-DBlU,F-15X,131.95,85.75
HT07GPSA-DKGR,F-15X,131.95,85.75
HT07GPSA-Gray,F-15X,131.95,85.75
HT07GPSA-GRCA,F-15X,131.95,85.75
HT07GPSA-LG,F-15X,131.95,85.75
HT07GPSA-LGCA,F-15X,131.95,85.75
HT07GPSA-LTBLU,F-15X,131.95,85.75
HT07GPSA-ORAN,F-15X,131.95,85.75
HT07GPSA-PINK,F-15X,131.95,85.75
HT07GPSA-PLMA,F-15X,131.95,85.75
HT07GPSA-PRPL,F-15X,131.95,85.75
HT07GPSA-RBLU,F-15X,131.95,85.75
HT07GPSA-RDCA,F-15X,131.95,85.75
HT07GPSA-RED,F-15X,131.95,85.75
HT07GPSA-RLMA,F-15X,131.95,85.75
HT07GPSA-SNCA,F-15X,131.95,85.75
HT07GPSA-WHT,F-15X,131.95,85.75
HT07GPSA-Yell,F-15X,131.95,85.75
HT07GPSA-YLCA,F-15X,131.95,85.75
HT07MDPSA-BLK,F-15X,131.95,85.75
HT07MDPSA-DKGR,F-15X,131.95,85.75
HT07MDPSA-Gray,F-15X,131.95,85.75
HT07MDPSA-LG,F-15X,131.95,85.75
HT07MDPSA-RBLU,F-15X,131.95,85.75
HT07MDPSA-RED,F-15X,131.95,85.75
HT07MDPSA-WHT,F-15X,131.95,85.75
HT11DPSA-BLCA,Daytona (97) / TSR (98),131.95,85.75
HT11DPSA-BLK,Daytona (97) / TSR (98),131.95,85.75
HT11DPSA-BLMA,Daytona (97) / TSR (98),131.95,85.75
HT11DPSA-DBlU,Daytona (97) / TSR (98),131.95,85.75
HT11DPSA-DKGR,Daytona (97) / TSR (98),131.95,85.75
HT11DPSA-Gray,Daytona (97) / TSR (98),131.95,85.75
HT11DPSA-GRCA,Daytona (97) / TSR (98),131.95,85.75
HT11DPSA-LG,Daytona (97) / TSR (98),131.95,85.75
HT11DPSA-LGCA,Daytona (97) / TSR (98),131.95,85.75
HT11DPSA-LTBLU,Daytona (97) / TSR (98),131.95,85.75
HT11DPSA-ORAN,Daytona (97) / TSR (98),131.95,85.75
HT11DPSA-PINK,Daytona (97) / TSR (98),131.95,85.75
HT11DPSA-PLMA,Daytona (97) / TSR (98),131.95,85.75
HT11DPSA-PRPL,Daytona (97) / TSR (98),131.95,85.75
HT11DPSA-RBLU,Daytona (97) / TSR (98),131.95,85.75
HT11DPSA-RDCA,Daytona (97) / TSR (98),131.95,85.75
HT11DPSA-RED,Daytona (97) / TSR (98),131.95,85.75
HT11DPSA-RLMA,Daytona (97) / TSR (98),131.95,85.75
HT11DPSA-SNCA,Daytona (97) / TSR (98),131.95,85.75
HT11DPSA-WHT,Daytona (97) / TSR (98),131.95,85.75
HT11DPSA-Yell,Daytona (97) / TSR (98),131.95,85.75
HT11DPSA-YLCA,Daytona (97) / TSR (98),131.95,85.75
HT11GPSA-BLCA,Daytona (97) / TSR (98),131.95,85.75
HT11GPSA-BLK,Daytona (97) / TSR (98),131.95,85.75
HT11GPSA-BLMA,Daytona (97) / TSR (98),131.95,85.75
HT11GPSA-DBlU,Daytona (97) / TSR (98),131.95,85.75
HT11GPSA-DKGR,Daytona (97) / TSR (98),131.95,85.75
HT11GPSA-Gray,Daytona (97) / TSR (98),131.95,85.75
HT11GPSA-GRCA,Daytona (97) / TSR (98),131.95,85.75
HT11GPSA-LG,Daytona (97) / TSR (98),131.95,85.75
HT11GPSA-LGCA,Daytona (97) / TSR (98),131.95,85.75
HT11GPSA-LTBLU,Daytona (97) / TSR (98),131.95,85.75
HT11GPSA-ORAN,Daytona (97) / TSR (98),131.95,85.75
HT11GPSA-PINK,Daytona (97) / TSR (98),131.95,85.75
HT11GPSA-PLMA,Daytona (97) / TSR (98),131.95,85.75
HT11GPSA-PRPL,Daytona (97) / TSR (98),131.95,85.75
HT11GPSA-RBLU,Daytona (97) / TSR (98),131.95,85.75
HT11GPSA-RDCA,Daytona (97) / TSR (98),131.95,85.75
HT11GPSA-RED,Daytona (97) / TSR (98),131.95,85.75
HT11GPSA-RLMA,Daytona (97) / TSR (98),131.95,85.75
HT11GPSA-SNCA,Daytona (97) / TSR (98),131.95,85.75
HT11GPSA-WHT,Daytona (97) / TSR (98),131.95,85.75
HT11GPSA-Yell,Daytona (97) / TSR (98),131.95,85.75
HT11GPSA-YLCA,Daytona (97) / TSR (98),131.95,85.75
HT11MDPSA-BLK,Daytona (97) / TSR (98),131.95,85.75
HT11MDPSA-DBlU,Daytona (97) / TSR (98),131.95,85.75
HT11MDPSA-DKGR,Daytona (97) / TSR (98),131.95,85.75
HT11MDPSA-Gray,Daytona (97) / TSR (98),131.95,85.75
HT11MDPSA-LTBLU,Daytona (97) / TSR (98),131.95,85.75
HT11MDPSA-RBLU,Daytona (97) / TSR (98),131.95,85.75
HT11MDPSA-WHT,Daytona (97) / TSR (98),131.95,85.75
HT12DPSA-BLCA,TS (98-99),131.95,85.75
HT12DPSA-BLK,TS (98-99),131.95,85.75
HT12DPSA-BLMA,TS (98-99),131.95,85.75
HT12DPSA-DBlU,TS (98-99),131.95,85.75
HT12DPSA-DKGR,TS (98-99),131.95,85.75
HT12DPSA-Gray,TS (98-99),131.95,85.75
HT12DPSA-GRCA,TS (98-99),131.95,85.75
HT12DPSA-LG,TS (98-99),131.95,85.75
HT12DPSA-LGCA,TS (98-99),131.95,85.75
HT12DPSA-LTBLU,TS (98-99),131.95,85.75
HT12DPSA-ORAN,TS (98-99),131.95,85.75
HT12DPSA-PINK,TS (98-99),131.95,85.75
HT12DPSA-PLMA,TS (98-99),131.95,85.75
HT12DPSA-PRPL,TS (98-99),131.95,85.75
HT12DPSA-RBLU,TS (98-99),131.95,85.75
HT12DPSA-RDCA,TS (98-99),131.95,85.75
HT12DPSA-RED,TS (98-99),131.95,85.75
HT12DPSA-RLMA,TS (98-99),131.95,85.75
HT12DPSA-SNCA,TS (98-99),131.95,85.75
HT12DPSA-WHT,TS (98-99),131.95,85.75
HT12DPSA-Yell,TS (98-99),131.95,85.75
HT12DPSA-YLCA,TS (98-99),131.95,85.75
HT12GPSA-BLCA,TS (98-99),131.95,85.75
HT12GPSA-BLK,TS (98-99),131.95,85.75
HT12GPSA-BLMA,TS (98-99),131.95,85.75
HT12GPSA-DBlU,TS (98-99),131.95,85.75
HT12GPSA-DKGR,TS (98-99),131.95,85.75
HT12GPSA-Gray,TS (98-99),131.95,85.75
HT12GPSA-GRCA,TS (98-99),131.95,85.75
HT12GPSA-LG,TS (98-99),131.95,85.75
HT12GPSA-LGCA,TS (98-99),131.95,85.75
HT12GPSA-LTBLU,TS (98-99),131.95,85.75
HT12GPSA-ORAN,TS (98-99),131.95,85.75
HT12GPSA-PINK,TS (98-99),131.95,85.75
HT12GPSA-PLMA,TS (98-99),131.95,85.75
HT12GPSA-PRPL,TS (98-99),131.95,85.75
HT12GPSA-RBLU,TS (98-99),131.95,85.75
HT12GPSA-RDCA,TS (98-99),131.95,85.75
HT12GPSA-RED,TS (98-99),131.95,85.75
HT12GPSA-RLMA,TS (98-99),131.95,85.75
HT12GPSA-SNCA,TS (98-99),131.95,85.75
HT12GPSA-WHT,TS (98-99),131.95,85.75
HT12GPSA-Yell,TS (98-99),131.95,85.75
HT12GPSA-YLCA,TS (98-99),131.95,85.75
HT13DPSA-BLCA,Monte Carlo,131.95,85.75
HT13DPSA-BLK,Monte Carlo,131.95,85.75
HT13DPSA-BLMA,Monte Carlo,131.95,85.75
HT13DPSA-DBlU,Monte Carlo,131.95,85.75
HT13DPSA-DKGR,Monte Carlo,131.95,85.75
HT13DPSA-Gray,Monte Carlo,131.95,85.75
HT13DPSA-GRCA,Monte Carlo,131.95,85.75
HT13DPSA-LG,Monte Carlo,131.95,85.75
HT13DPSA-LGCA,Monte Carlo,131.95,85.75
HT13DPSA-LTBLU,Monte Carlo,131.95,85.75
HT13DPSA-ORAN,Monte Carlo,131.95,85.75
HT13DPSA-PINK,Monte Carlo,131.95,85.75
HT13DPSA-PLMA,Monte Carlo,131.95,85.75
HT13DPSA-PRPL,Monte Carlo,131.95,85.75
HT13DPSA-RBLU,Monte Carlo,131.95,85.75
HT13DPSA-RDCA,Monte Carlo,131.95,85.75
HT13DPSA-RED,Monte Carlo,131.95,85.75
HT13DPSA-RLMA,Monte Carlo,131.95,85.75
HT13DPSA-SNCA,Monte Carlo,131.95,85.75
HT13DPSA-WHT,Monte Carlo,131.95,85.75
HT13DPSA-Yell,Monte Carlo,131.95,85.75
HT13DPSA-YLCA,Monte Carlo,131.95,85.75
HT13GPSA-BLCA,Monte Carlo,131.95,85.75
HT13GPSA-BLK,Monte Carlo,131.95,85.75
HT13GPSA-BLMA,Monte Carlo,131.95,85.75
HT13GPSA-DBlU,Monte Carlo,131.95,85.75
HT13GPSA-DKGR,Monte Carlo,131.95,85.75
HT13GPSA-Gray,Monte Carlo,131.95,85.75
HT13GPSA-GRCA,Monte Carlo,131.95,85.75
HT13GPSA-LG,Monte Carlo,131.95,85.75
HT13GPSA-LGCA,Monte Carlo,131.95,85.75
HT13GPSA-LTBLU,Monte Carlo,131.95,85.75
HT13GPSA-ORAN,Monte Carlo,131.95,85.75
HT13GPSA-PINK,Monte Carlo,131.95,85.75
HT13GPSA-PLMA,Monte Carlo,131.95,85.75
HT13GPSA-PRPL,Monte Carlo,131.95,85.75
HT13GPSA-RBLU,Monte Carlo,131.95,85.75
HT13GPSA-RDCA,Monte Carlo,131.95,85.75
HT13GPSA-RED,Monte Carlo,131.95,85.75
HT13GPSA-RLMA,Monte Carlo,131.95,85.75
HT13GPSA-SNCA,Monte Carlo,131.95,85.75
HT13GPSA-WHT,Monte Carlo,131.95,85.75
HT13GPSA-Yell,Monte Carlo,131.95,85.75
HT13GPSA-YLCA,Monte Carlo,131.95,85.75
HT13MDPSA-DBlU,Monte Carlo,131.95,85.75
HT13MDPSA-DKGR,Monte Carlo,131.95,85.75
HT13MDPSA-Gray,Monte Carlo,131.95,85.75
HT13MDPSA-LTBLU,Monte Carlo,131.95,85.75
HT13MDPSA-RBLU,Monte Carlo,131.95,85.75
HT13MDPSA-WHT,Monte Carlo,131.95,85.75
HT14DPSA-BLCA,TSL (98-99),131.95,85.75
HT14DPSA-BLK,TSL (98-99),131.95,85.75
HT14DPSA-BLMA,TSL (98-99),131.95,85.75
HT14DPSA-DBlU,TSL (98-99),131.95,85.75
HT14DPSA-DKGR,TSL (98-99),131.95,85.75
HT14DPSA-Gray,TSL (98-99),131.95,85.75
HT14DPSA-GRCA,TSL (98-99),131.95,85.75
HT14DPSA-LG,TSL (98-99),131.95,85.75
HT14DPSA-LGCA,TSL (98-99),131.95,85.75
HT14DPSA-LTBLU,TSL (98-99),131.95,85.75
HT14DPSA-ORAN,TSL (98-99),131.95,85.75
HT14DPSA-PINK,TSL (98-99),131.95,85.75
HT14DPSA-PLMA,TSL (98-99),131.95,85.75
HT14DPSA-PRPL,TSL (98-99),131.95,85.75
HT14DPSA-RBLU,TSL (98-99),131.95,85.75
HT14DPSA-RDCA,TSL (98-99),131.95,85.75
HT14DPSA-RED,TSL (98-99),131.95,85.75
HT14DPSA-RLMA,TSL (98-99),131.95,85.75
HT14DPSA-SNCA,TSL (98-99),131.95,85.75
HT14DPSA-WHT,TSL (98-99),131.95,85.75
HT14DPSA-Yell,TSL (98-99),131.95,85.75
HT14DPSA-YLCA,TSL (98-99),131.95,85.75
HT14GPSA-BLCA,TSL (98-99),131.95,85.75
HT14GPSA-BLK,TSL (98-99),131.95,85.75
HT14GPSA-BLMA,TSL (98-99),131.95,85.75
HT14GPSA-DBlU,TSL (98-99),131.95,85.75
HT14GPSA-DKGR,TSL (98-99),131.95,85.75
HT14GPSA-Gray,TSL (98-99),131.95,85.75
HT14GPSA-GRCA,TSL (98-99),131.95,85.75
HT14GPSA-LG,TSL (98-99),131.95,85.75
HT14GPSA-LGCA,TSL (98-99),131.95,85.75
HT14GPSA-LTBLU,TSL (98-99),131.95,85.75
HT14GPSA-ORAN,TSL (98-99),131.95,85.75
HT14GPSA-PINK,TSL (98-99),131.95,85.75
HT14GPSA-PLMA,TSL (98-99),131.95,85.75
HT14GPSA-PRPL,TSL (98-99),131.95,85.75
HT14GPSA-RBLU,TSL (98-99),131.95,85.75
HT14GPSA-RDCA,TSL (98-99),131.95,85.75
HT14GPSA-RED,TSL (98-99),131.95,85.75
HT14GPSA-RLMA,TSL (98-99),131.95,85.75
HT14GPSA-SNCA,TSL (98-99),131.95,85.75
HT14GPSA-WHT,TSL (98-99),131.95,85.75
HT14GPSA-Yell,TSL (98-99),131.95,85.75
HT14GPSA-YLCA,TSL (98-99),131.95,85.75
HT14MDPSA-BLK,TSL (98-99),131.95,85.75
HT14MDPSA-DBlU,TSL (98-99),131.95,85.75
HT14MDPSA-DKGR,TSL (98-99),131.95,85.75
HT14MDPSA-Gray,TSL (98-99),131.95,85.75
HT14MDPSA-LTBLU,TSL (98-99),131.95,85.75
HT14MDPSA-RBLU,TSL (98-99),131.95,85.75
HT14MDPSA-WHT,TSL (98-99),131.95,85.75
HT20-2TDPSA-BLK-BLU,JS 300 / 440 / 550,158.95,103.3
HT20-2TDPSA-BLK-DKGR,JS 300 / 440 / 550,158.95,103.3
HT20-2TDPSA-BLK-GRA,JS 300 / 440 / 550,158.95,103.3
HT20-2TDPSA-BLK-LG,JS 300 / 440 / 550,158.95,103.3
HT20-2TDPSA-BLK-ORAN,JS 300 / 440 / 550,158.95,103.3
HT20-2TDPSA-BLK-PINK,JS 300 / 440 / 550,158.95,103.3
HT20-2TDPSA-BLK-RED,JS 300 / 440 / 550,158.95,103.3
HT20-2TDPSA-BLK-WHT,JS 300 / 440 / 550,158.95,103.3
HT20-2TDPSA-BLK-YELL,JS 300 / 440 / 550,158.95,103.3
HT20-2TDPSA-BLU-BLK,JS 300 / 440 / 550,158.95,103.3
HT20-2TDPSA-DKG-BLK,JS 300 / 440 / 550,158.95,103.3
HT20-2TDPSA-GRA-BLK,JS 300 / 440 / 550,158.95,103.3
HT20-2TDPSA-LG-BLK,JS 300 / 440 / 550,158.95,103.3
HT20-2TDPSA-RED-BLK,JS 300 / 440 / 550,158.95,103.3
HT20-2TGPSA-BLK-BLU,JS 300 / 440 / 550,158.95,103.3
HT20-2TGPSA-BLK-DKGR,JS 300 / 440 / 550,158.95,103.3
HT20-2TGPSA-BLK-GRA,JS 300 / 440 / 550,158.95,103.3
HT20-2TGPSA-BLK-LG,JS 300 / 440 / 550,158.95,103.3
HT20-2TGPSA-BLK-ORAN,JS 300 / 440 / 550,158.95,103.3
HT20-2TGPSA-BLK-PINK,JS 300 / 440 / 550,158.95,103.3
HT20-2TGPSA-BLK-RED,JS 300 / 440 / 550,158.95,103.3
HT20-2TGPSA-BLK-WHT,JS 300 / 440 / 550,158.95,103.3
HT20-2TGPSA-BLK-YELL,JS 300 / 440 / 550,158.95,103.3
HT20-2TGPSA-BLU-BLK,JS 300 / 440 / 550,158.95,103.3
HT20-2TGPSA-DKG-BLK,JS 300 / 440 / 550,158.95,103.3
HT20-2TGPSA-GRA-BLK,JS 300 / 440 / 550,158.95,103.3
HT20-2TGPSA-LG-BLK,JS 300 / 440 / 550,158.95,103.3
HT20-2TGPSA-RED-BLK,JS 300 / 440 / 550,158.95,103.3
HT20DPSA-BLCA,JS 300 / 440 / 550,131.95,85.75
HT20DPSA-BLK,JS 300 / 440 / 550,131.95,85.75
HT20DPSA-BLMA,JS 300 / 440 / 550,131.95,85.75
HT20DPSA-DBlU,JS 300 / 440 / 550,131.95,85.75
HT20DPSA-DKGR,JS 300 / 440 / 550,131.95,85.75
HT20DPSA-Gray,JS 300 / 440 / 550,131.95,85.75
HT20DPSA-GRCA,JS 300 / 440 / 550,131.95,85.75
HT20DPSA-LG,JS 300 / 440 / 550,131.95,85.75
HT20DPSA-LGCA,JS 300 / 440 / 550,131.95,85.75
HT20DPSA-LTBLU,JS 300 / 440 / 550,131.95,85.75
HT20DPSA-ORAN,JS 300 / 440 / 550,131.95,85.75
HT20DPSA-PINK,JS 300 / 440 / 550,131.95,85.75
HT20DPSA-PLMA,JS 300 / 440 / 550,131.95,85.75
HT20DPSA-PRPL,JS 300 / 440 / 550,131.95,85.75
HT20DPSA-RBLU,JS 300 / 440 / 550,131.95,85.75
HT20DPSA-RDCA,JS 300 / 440 / 550,131.95,85.75
HT20DPSA-RED,JS 300 / 440 / 550,131.95,85.75
HT20DPSA-RLMA,JS 300 / 440 / 550,131.95,85.75
HT20DPSA-SNCA,JS 300 / 440 / 550,131.95,85.75
HT20DPSA-WHT,JS 300 / 440 / 550,131.95,85.75
HT20DPSA-Yell,JS 300 / 440 / 550,131.95,85.75
HT20DPSA-YLCA,JS 300 / 440 / 550,131.95,85.75
HT20GPSA-BLCA,JS 300 / 440 / 550,131.95,85.75
HT20GPSA-BLK,JS 300 / 440 / 550,131.95,85.75
HT20GPSA-BLMA,JS 300 / 440 / 550,131.95,85.75
HT20GPSA-DBlU,JS 300 / 440 / 550,131.95,85.75
HT20GPSA-DKGR,JS 300 / 440 / 550,131.95,85.75
HT20GPSA-Gray,JS 300 / 440 / 550,131.95,85.75
HT20GPSA-GRCA,JS 300 / 440 / 550,131.95,85.75
HT20GPSA-LG,JS 300 / 440 / 550,131.95,85.75
HT20GPSA-LGCA,JS 300 / 440 / 550,131.95,85.75
HT20GPSA-LTBLU,JS 300 / 440 / 550,131.95,85.75
HT20GPSA-ORAN,JS 300 / 440 / 550,131.95,85.75
HT20GPSA-PINK,JS 300 / 440 / 550,131.95,85.75
HT20GPSA-PLMA,JS 300 / 440 / 550,131.95,85.75
HT20GPSA-PRPL,JS 300 / 440 / 550,131.95,85.75
HT20GPSA-RBLU,JS 300 / 440 / 550,131.95,85.75
HT20GPSA-RDCA,JS 300 / 440 / 550,131.95,85.75
HT20GPSA-RED,JS 300 / 440 / 550,131.95,85.75
HT20GPSA-RLMA,JS 300 / 440 / 550,131.95,85.75
HT20GPSA-SNCA,JS 300 / 440 / 550,131.95,85.75
HT20GPSA-WHT,JS 300 / 440 / 550,131.95,85.75
HT20GPSA-Yell,JS 300 / 440 / 550,131.95,85.75
HT20GPSA-YLCA,JS 300 / 440 / 550,131.95,85.75
HT20MDPSA-BLK,JS 300 / 440 / 550,131.95,85.75
HT20MDPSA-DKGR,JS 300 / 440 / 550,131.95,85.75
HT20MDPSA-Gray,JS 300 / 440 / 550,131.95,85.75
HT20MDPSA-LG,JS 300 / 440 / 550,131.95,85.75
HT20MDPSA-RBLU,JS 300 / 440 / 550,131.95,85.75
HT20MDPSA-RED,JS 300 / 440 / 550,131.95,85.75
HT20MDPSA-WHT,JS 300 / 440 / 550,131.95,85.75
HT3D-2TDPSA-BLK-BLU,3D 2005-2007,173.95,113.02
HT3D-2TDPSA-BLK-DKGR,3D 2005-2007,173.95,113.02
HT3D-2TDPSA-BLK-GRA,3D 2005-2007,173.95,113.02
HT3D-2TDPSA-BLK-LG,3D 2005-2007,173.95,113.02
HT3D-2TDPSA-BLK-ORAN,3D 2005-2007,173.95,113.02
HT3D-2TDPSA-BLK-PINK,3D 2005-2007,173.95,113.02
HT3D-2TDPSA-BLK-RED,3D 2005-2007,173.95,113.02
HT3D-2TDPSA-BLK-WHT,3D 2005-2007,173.95,113.02
HT3D-2TDPSA-BLK-YELL,3D 2005-2007,173.95,113.02
HT3D-2TDPSA-BLU-BLK,3D 2005-2007,173.95,113.02
HT3D-2TDPSA-DKG-BLK,3D 2005-2007,173.95,113.02
HT3D-2TDPSA-GRA-BLK,3D 2005-2007,173.95,113.02
HT3D-2TDPSA-LG-BLK,3D 2005-2007,173.95,113.02
HT3D-2TDPSA-RED-BLK,3D 2005-2007,173.95,113.02
HT3D-2TGPSA-BLK-BLU,3D 2005-2007,173.95,113.02
HT3D-2TGPSA-BLK-DKGR,3D 2005-2007,173.95,113.02
HT3D-2TGPSA-BLK-GRA,3D 2005-2007,173.95,113.02
HT3D-2TGPSA-BLK-LG,3D 2005-2007,173.95,113.02
HT3D-2TGPSA-BLK-ORAN,3D 2005-2007,173.95,113.02
HT3D-2TGPSA-BLK-PINK,3D 2005-2007,173.95,113.02
HT3D-2TGPSA-BLK-RED,3D 2005-2007,173.95,113.02
HT3D-2TGPSA-BLK-WHT,3D 2005-2007,173.95,113.02
HT3D-2TGPSA-BLK-YELL,3D 2005-2007,173.95,113.02
HT3D-2TGPSA-BLU-BLK,3D 2005-2007,173.95,113.02
HT3D-2TGPSA-DKG-BLK,3D 2005-2007,173.95,113.02
HT3D-2TGPSA-GRA-BLK,3D 2005-2007,173.95,113.02
HT3D-2TGPSA-LG-BLK,3D 2005-2007,173.95,113.02
HT3D-2TGPSA-RED-BLK,3D 2005-2007,173.95,113.02
HT3D-DPSA--BLCA,3D 2005-2007,144.95,94.2
HT3D-DPSA--BLK,3D 2005-2007,144.95,94.2
HT3D-DPSA--BLMA,3D 2005-2007,144.95,94.2
HT3D-DPSA--DBlU,3D 2005-2007,144.95,94.2
HT3D-DPSA--DKGR,3D 2005-2007,144.95,94.2
HT3D-DPSA--Gray,3D 2005-2007,144.95,94.2
HT3D-DPSA--GRCA,3D 2005-2007,144.95,94.2
HT3D-DPSA--LG,3D 2005-2007,144.95,94.2
HT3D-DPSA--LGCA,3D 2005-2007,144.95,94.2
HT3D-DPSA--LTBLU,3D 2005-2007,144.95,94.2
HT3D-DPSA--ORAN,3D 2005-2007,144.95,94.2
HT3D-DPSA--PINK,3D 2005-2007,144.95,94.2
HT3D-DPSA--PLMA,3D 2005-2007,144.95,94.2
HT3D-DPSA--PRPL,3D 2005-2007,144.95,94.2
HT3D-DPSA--RBLU,3D 2005-2007,144.95,94.2
HT3D-DPSA--RDCA,3D 2005-2007,144.95,94.2
HT3D-DPSA--RED,3D 2005-2007,144.95,94.2
HT3D-DPSA--RLMA,3D 2005-2007,144.95,94.2
HT3D-DPSA--SNCA,3D 2005-2007,144.95,94.2
HT3D-DPSA--WHT,3D 2005-2007,144.95,94.2
HT3D-DPSA--Yell,3D 2005-2007,144.95,94.2
HT3D-DPSA--YLCA,3D 2005-2007,144.95,94.2
HT3DGPSA-BLCA,3D 2005-2007,144.95,94.2
HT3DGPSA-BLK,3D 2005-2007,144.95,94.2
HT3DGPSA-BLMA,3D 2005-2007,144.95,94.2
HT3DGPSA-DBlU,3D 2005-2007,144.95,94.2
HT3DGPSA-DKGR,3D 2005-2007,144.95,94.2
HT3DGPSA-Gray,3D 2005-2007,144.95,94.2
HT3DGPSA-GRCA,3D 2005-2007,144.95,94.2
HT3DGPSA-LG,3D 2005-2007,144.95,94.2
HT3DGPSA-LGCA,3D 2005-2007,144.95,94.2
HT3DGPSA-LTBLU,3D 2005-2007,144.95,94.2
HT3DGPSA-ORAN,3D 2005-2007,144.95,94.2
HT3DGPSA-PINK,3D 2005-2007,144.95,94.2
HT3DGPSA-PLMA,3D 2005-2007,144.95,94.2
HT3DGPSA-PRPL,3D 2005-2007,144.95,94.2
HT3DGPSA-RBLU,3D 2005-2007,144.95,94.2
HT3DGPSA-RDCA,3D 2005-2007,144.95,94.2
HT3DGPSA-RED,3D 2005-2007,144.95,94.2
HT3DGPSA-RLMA,3D 2005-2007,144.95,94.2
HT3DGPSA-SNCA,3D 2005-2007,144.95,94.2
HT3DGPSA-WHT,3D 2005-2007,144.95,94.2
HT3DGPSA-Yell,3D 2005-2007,144.95,94.2
HT3DGPSA-YLCA,3D 2005-2007,144.95,94.2
HT3MDPSA-BLK,3D 2005-2007,144.95,94.2
HT3MDPSA-DKGR,3D 2005-2007,144.95,94.2
HT3MDPSA-Gray,3D 2005-2007,144.95,94.2
HT3MDPSA-LG,3D 2005-2007,144.95,94.2
HT3MDPSA-RBLU,3D 2005-2007,144.95,94.2
HT3MDPSA-RED,3D 2005-2007,144.95,94.2
HT3MDPSA-WHT,3D 2005-2007,144.95,94.2
HT40-2TDPSA-BLK-BLU,X2,158.95,103.3
HT40-2TDPSA-BLK-DKGR,X2,158.95,103.3
HT40-2TDPSA-BLK-GRA,X2,158.95,103.3
HT40-2TDPSA-BLK-LG,X2,158.95,103.3
HT40-2TDPSA-BLK-ORAN,X2,158.95,103.3
HT40-2TDPSA-BLK-PINK,X2,158.95,103.3
HT40-2TDPSA-BLK-RED,X2,158.95,103.3
HT40-2TDPSA-BLK-WHT,X2,158.95,103.3
HT40-2TDPSA-BLK-YELL,X2,158.95,103.3
HT40-2TDPSA-BLU-BLK,X2,158.95,103.3
HT40-2TDPSA-DKG-BLK,X2,158.95,103.3
HT40-2TDPSA-GRA-BLK,X2,158.95,103.3
HT40-2TDPSA-LG-BLK,X2,158.95,103.3
HT40-2TDPSA-RED-BLK,X2,158.95,103.3
HT40-2TGPSA-BLK-BLU,X2,158.95,103.3
HT40-2TGPSA-BLK-DKGR,X2,158.95,103.3
HT40-2TGPSA-BLK-GRA,X2,158.95,103.3
HT40-2TGPSA-BLK-LG,X2,158.95,103.3
HT40-2TGPSA-BLK-ORAN,X2,158.95,103.3
HT40-2TGPSA-BLK-PINK,X2,158.95,103.3
HT40-2TGPSA-BLK-RED,X2,158.95,103.3
HT40-2TGPSA-BLK-WHT,X2,158.95,103.3
HT40-2TGPSA-BLK-YELL,X2,158.95,103.3
HT40-2TGPSA-BLU-BLK,X2,158.95,103.3
HT40-2TGPSA-DKG-BLK,X2,158.95,103.3
HT40-2TGPSA-GRA-BLK,X2,158.95,103.3
HT40-2TGPSA-LG-BLK,X2,158.95,103.3
HT40-2TGPSA-RED-BLK,X2,158.95,103.3
HT40DPSA-BLCA,X2,131.95,85.75
HT40DPSA-BLK,X2,131.95,85.75
HT40DPSA-BLMA,X2,131.95,85.75
HT40DPSA-DBlU,X2,131.95,85.75
HT40DPSA-DKGR,X2,131.95,85.75
HT40DPSA-Gray,X2,131.95,85.75
HT40DPSA-GRCA,X2,131.95,85.75
HT40DPSA-LG,X2,131.95,85.75
HT40DPSA-LGCA,X2,131.95,85.75
HT40DPSA-LTBLU,X2,131.95,85.75
HT40DPSA-ORAN,X2,131.95,85.75
HT40DPSA-PINK,X2,131.95,85.75
HT40DPSA-PLMA,X2,131.95,85.75
HT40DPSA-PRPL,X2,131.95,85.75
HT40DPSA-RBLU,X2,131.95,85.75
HT40DPSA-RDCA,X2,131.95,85.75
HT40DPSA-RED,X2,131.95,85.75
HT40DPSA-RLMA,X2,131.95,85.75
HT40DPSA-SNCA,X2,131.95,85.75
HT40DPSA-WHT,X2,131.95,85.75
HT40DPSA-Yell,X2,131.95,85.75
HT40DPSA-YLCA,X2,131.95,85.75
HT40GPSA-BLCA,X2,131.95,85.75
HT40GPSA-BLK,X2,131.95,85.75
HT40GPSA-BLMA,X2,131.95,85.75
HT40GPSA-DBlU,X2,131.95,85.75
HT40GPSA-DKGR,X2,131.95,85.75
HT40GPSA-Gray,X2,131.95,85.75
HT40GPSA-GRCA,X2,131.95,85.75
HT40GPSA-LG,X2,131.95,85.75
HT40GPSA-LGCA,X2,131.95,85.75
HT40GPSA-LTBLU,X2,131.95,85.75
HT40GPSA-ORAN,X2,131.95,85.75
HT40GPSA-PINK,X2,131.95,85.75
HT40GPSA-PLMA,X2,131.95,85.75
HT40GPSA-PRPL,X2,131.95,85.75
HT40GPSA-RBLU,X2,131.95,85.75
HT40GPSA-RDCA,X2,131.95,85.75
HT40GPSA-RED,X2,131.95,85.75
HT40GPSA-RLMA,X2,131.95,85.75
HT40GPSA-SNCA,X2,131.95,85.75
HT40GPSA-WHT,X2,131.95,85.75
HT40GPSA-Yell,X2,131.95,85.75
HT40GPSA-YLCA,X2,131.95,85.75
HT40MDPSA-BLK,X2,131.95,85.75
HT40MDPSA-DKGR,X2,131.95,85.75
HT40MDPSA-Gray,X2,131.95,85.75
HT40MDPSA-LG,X2,131.95,85.75
HT40MDPSA-RBLU,X2,131.95,85.75
HT40MDPSA-RED,X2,131.95,85.75
HT40MDPSA-WHT,X2,131.95,85.75
HT41-2TDPSA-BLK-BLU,X2 European model,158.95,103.3
HT41-2TDPSA-BLK-DKGR,X2 European model,158.95,103.3
HT41-2TDPSA-BLK-GRA,X2 European model,158.95,103.3
HT41-2TDPSA-BLK-LG,X2 European model,158.95,103.3
HT41-2TDPSA-BLK-ORAN,X2 European model,158.95,103.3
HT41-2TDPSA-BLK-PINK,X2 European model,158.95,103.3
HT41-2TDPSA-BLK-RED,X2 European model,158.95,103.3
HT41-2TDPSA-BLK-WHT,X2 European model,158.95,103.3
HT41-2TDPSA-BLK-YELL,X2 European model,158.95,103.3
HT41-2TDPSA-BLU-BLK,X2 European model,158.95,103.3
HT41-2TDPSA-DKG-BLK,X2 European model,158.95,103.3
HT41-2TDPSA-GRA-BLK,X2 European model,158.95,103.3
HT41-2TDPSA-LG-BLK,X2 European model,158.95,103.3
HT41-2TDPSA-RED-BLK,X2 European model,158.95,103.3
HT41-2TGPSA-BLK-BLU,X2 European model,158.95,103.3
HT41-2TGPSA-BLK-DKGR,X2 European model,158.95,103.3
HT41-2TGPSA-BLK-GRA,X2 European model,158.95,103.3
HT41-2TGPSA-BLK-LG,X2 European model,158.95,103.3
HT41-2TGPSA-BLK-ORAN,X2 European model,158.95,103.3
HT41-2TGPSA-BLK-PINK,X2 European model,158.95,103.3
HT41-2TGPSA-BLK-RED,X2 European model,158.95,103.3
HT41-2TGPSA-BLK-WHT,X2 European model,158.95,103.3
HT41-2TGPSA-BLK-YELL,X2 European model,158.95,103.3
HT41-2TGPSA-BLU-BLK,X2 European model,158.95,103.3
HT41-2TGPSA-DKG-BLK,X2 European model,158.95,103.3
HT41-2TGPSA-GRA-BLK,X2 European model,158.95,103.3
HT41-2TGPSA-LG-BLK,X2 European model,158.95,103.3
HT41-2TGPSA-RED-BLK,X2 European model,158.95,103.3
HT41DPSA-BLCA,X2 European model,131.95,85.75
HT41DPSA-BLK,X2 European model,131.95,85.75
HT41DPSA-BLMA,X2 European model,131.95,85.75
HT41DPSA-DBlU,X2 European model,131.95,85.75
HT41DPSA-DKGR,X2 European model,131.95,85.75
HT41DPSA-Gray,X2 European model,131.95,85.75
HT41DPSA-GRCA,X2 European model,131.95,85.75
HT41DPSA-LG,X2 European model,131.95,85.75
HT41DPSA-LGCA,X2 European model,131.95,85.75
HT41DPSA-LTBLU,X2 European model,131.95,85.75
HT41DPSA-ORAN,X2 European model,131.95,85.75
HT41DPSA-PINK,X2 European model,131.95,85.75
HT41DPSA-PLMA,X2 European model,131.95,85.75
HT41DPSA-PRPL,X2 European model,131.95,85.75
HT41DPSA-RBLU,X2 European model,131.95,85.75
HT41DPSA-RDCA,X2 European model,131.95,85.75
HT41DPSA-RED,X2 European model,131.95,85.75
HT41DPSA-RLMA,X2 European model,131.95,85.75
HT41DPSA-SNCA,X2 European model,131.95,85.75
HT41DPSA-WHT,X2 European model,131.95,85.75
HT41DPSA-Yell,X2 European model,131.95,85.75
HT41DPSA-YLCA,X2 European model,131.95,85.75
HT41GPSA-BLCA,X2 European model,131.95,85.75
HT41GPSA-BLK,X2 European model,131.95,85.75
HT41GPSA-BLMA,X2 European model,131.95,85.75
HT41GPSA-DBlU,X2 European model,131.95,85.75
HT41GPSA-DKGR,X2 European model,131.95,85.75
HT41GPSA-Gray,X2 European model,131.95,85.75
HT41GPSA-GRCA,X2 European model,131.95,85.75
HT41GPSA-LG,X2 European model,131.95,85.75
HT41GPSA-LGCA,X2 European model,131.95,85.75
HT41GPSA-LTBLU,X2 European model,131.95,85.75
HT41GPSA-ORAN,X2 European model,131.95,85.75
HT41GPSA-PINK,X2 European model,131.95,85.75
HT41GPSA-PLMA,X2 European model,131.95,85.75
HT41GPSA-PRPL,X2 European model,131.95,85.75
HT41GPSA-RBLU,X2 European model,131.95,85.75
HT41GPSA-RDCA,X2 European model,131.95,85.75
HT41GPSA-RED,X2 European model,131.95,85.75
HT41GPSA-RLMA,X2 European model,131.95,85.75
HT41GPSA-SNCA,X2 European model,131.95,85.75
HT41GPSA-WHT,X2 European model,131.95,85.75
HT41GPSA-Yell,X2 European model,131.95,85.75
HT41GPSA-YLCA,X2 European model,131.95,85.75
HT41MDPSA-BLK,X2 European model,131.95,85.75
HT41MDPSA-DKGR,X2 European model,131.95,85.75
HT41MDPSA-Gray,X2 European model,131.95,85.75
HT41MDPSA-LG,X2 European model,131.95,85.75
HT41MDPSA-RBLU,X2 European model,131.95,85.75
HT41MDPSA-RED,X2 European model,131.95,85.75
HT41MDPSA-WHT,X2 European model,131.95,85.75
HT55-2TDPSA-BLK-BLU,550 SX,103.95,67.55
HT55-2TDPSA-BLK-DKGR,550 SX,103.95,67.55
HT55-2TDPSA-BLK-GRA,550 SX,103.95,67.55
HT55-2TDPSA-BLK-LG,550 SX,103.95,67.55
HT55-2TDPSA-BLK-ORAN,550 SX,103.95,67.55
HT55-2TDPSA-BLK-PINK,550 SX,103.95,67.55
HT55-2TDPSA-BLK-RED,550 SX,103.95,67.55
HT55-2TDPSA-BLK-WHT,550 SX,103.95,67.55
HT55-2TDPSA-BLK-YELL,550 SX,103.95,67.55
HT55-2TDPSA-BLU-BLK,550 SX,103.95,67.55
HT55-2TDPSA-DKG-BLK,550 SX,103.95,67.55
HT55-2TDPSA-GRA-BLK,550 SX,103.95,67.55
HT55-2TDPSA-LG-BLK,550 SX,103.95,67.55
HT55-2TDPSA-RED-BLK,550 SX,103.95,67.55
HT55-2TGPSA-BLK-BLU,550 SX,103.95,67.55
HT55-2TGPSA-BLK-DKGR,550 SX,103.95,67.55
HT55-2TGPSA-BLK-GRA,550 SX,103.95,67.55
HT55-2TGPSA-BLK-LG,550 SX,103.95,67.55
HT55-2TGPSA-BLK-ORAN,550 SX,103.95,67.55
HT55-2TGPSA-BLK-PINK,550 SX,103.95,67.55
HT55-2TGPSA-BLK-RED,550 SX,103.95,67.55
HT55-2TGPSA-BLK-WHT,550 SX,103.95,67.55
HT55-2TGPSA-BLK-YELL,550 SX,103.95,67.55
HT55-2TGPSA-BLU-BLK,550 SX,103.95,67.55
HT55-2TGPSA-DKG-BLK,550 SX,103.95,67.55
HT55-2TGPSA-GRA-BLK,550 SX,103.95,67.55
HT55-2TGPSA-LG-BLK,550 SX,103.95,67.55
HT55-2TGPSA-RED-BLK,550 SX,103.95,67.55
HT55DPSA-BLCA,550 SX,89.95,58.45
HT55DPSA-BLK,550 SX,89.95,58.45
HT55DPSA-BLMA,550 SX,89.95,58.45
HT55DPSA-DBlU,550 SX,89.95,58.45
HT55DPSA-DKGR,550 SX,89.95,58.45
HT55DPSA-Gray,550 SX,89.95,58.45
HT55DPSA-GRCA,550 SX,89.95,58.45
HT55DPSA-LG,550 SX,89.95,58.45
HT55DPSA-LGCA,550 SX,89.95,58.45
HT55DPSA-LTBLU,550 SX,89.95,58.45
HT55DPSA-ORAN,550 SX,89.95,58.45
HT55DPSA-PINK,550 SX,89.95,58.45
HT55DPSA-PLMA,550 SX,89.95,58.45
HT55DPSA-PRPL,550 SX,89.95,58.45
HT55DPSA-RBLU,550 SX,89.95,58.45
HT55DPSA-RDCA,550 SX,89.95,58.45
HT55DPSA-RED,550 SX,89.95,58.45
HT55DPSA-RLMA,550 SX,89.95,58.45
HT55DPSA-SNCA,550 SX,89.95,58.45
HT55DPSA-WHT,550 SX,89.95,58.45
HT55DPSA-Yell,550 SX,89.95,58.45
HT55DPSA-YLCA,550 SX,89.95,58.45
HT55GPSA-BLCA,550 SX,89.95,58.45
HT55GPSA-BLK,550 SX,89.95,58.45
HT55GPSA-BLMA,550 SX,89.95,58.45
HT55GPSA-DBlU,550 SX,89.95,58.45
HT55GPSA-DKGR,550 SX,89.95,58.45
HT55GPSA-Gray,550 SX,89.95,58.45
HT55GPSA-GRCA,550 SX,89.95,58.45
HT55GPSA-LG,550 SX,89.95,58.45
HT55GPSA-LGCA,550 SX,89.95,58.45
HT55GPSA-LTBLU,550 SX,89.95,58.45
HT55GPSA-ORAN,550 SX,89.95,58.45
HT55GPSA-PINK,550 SX,89.95,58.45
HT55GPSA-PLMA,550 SX,89.95,58.45
HT55GPSA-PRPL,550 SX,89.95,58.45
HT55GPSA-RBLU,550 SX,89.95,58.45
HT55GPSA-RDCA,550 SX,89.95,58.45
HT55GPSA-RED,550 SX,89.95,58.45
HT55GPSA-RLMA,550 SX,89.95,58.45
HT55GPSA-SNCA,550 SX,89.95,58.45
HT55GPSA-WHT,550 SX,89.95,58.45
HT55GPSA-Yell,550 SX,89.95,58.45
HT55GPSA-YLCA,550 SX,89.95,58.45
HT55MDPSA-BLK,550 SX,89.95,58.45
HT55MDPSA-DKGR,550 SX,89.95,58.45
HT55MDPSA-Gray,550 SX,89.95,58.45
HT55MDPSA-LG,550 SX,89.95,58.45
HT55MDPSA-RBLU,550 SX,89.95,58.45
HT55MDPSA-RED,550 SX,89.95,58.45
HT55MDPSA-WHT,550 SX,89.95,58.45
HT60-2TDPSA-BLK-BLU,Zxi 1995-2003,158.95,103.3
HT60-2TDPSA-BLK-DKGR,Zxi 1995-2003,158.95,103.3
HT60-2TDPSA-BLK-GRA,Zxi 1995-2003,158.95,103.3
HT60-2TDPSA-BLK-LG,Zxi 1995-2003,158.95,103.3
HT60-2TDPSA-BLK-ORAN,Zxi 1995-2003,158.95,103.3
HT60-2TDPSA-BLK-PINK,Zxi 1995-2003,158.95,103.3
HT60-2TDPSA-BLK-RED,Zxi 1995-2003,158.95,103.3
HT60-2TDPSA-BLK-WHT,Zxi 1995-2003,158.95,103.3
HT60-2TDPSA-BLK-YELL,Zxi 1995-2003,158.95,103.3
HT60-2TDPSA-BLU-BLK,Zxi 1995-2003,158.95,103.3
HT60-2TDPSA-DKG-BLK,Zxi 1995-2003,158.95,103.3
HT60-2TDPSA-GRA-BLK,Zxi 1995-2003,158.95,103.3
HT60-2TDPSA-LG-BLK,Zxi 1995-2003,158.95,103.3
HT60-2TDPSA-RED-BLK,Zxi 1995-2003,158.95,103.3
HT60-2TGPSA-BLK-BLU,Zxi 1995-2003,158.95,103.3
HT60-2TGPSA-BLK-DKGR,Zxi 1995-2003,158.95,103.3
HT60-2TGPSA-BLK-GRA,Zxi 1995-2003,158.95,103.3
HT60-2TGPSA-BLK-LG,Zxi 1995-2003,158.95,103.3
HT60-2TGPSA-BLK-ORAN,Zxi 1995-2003,158.95,103.3
HT60-2TGPSA-BLK-PINK,Zxi 1995-2003,158.95,103.3
HT60-2TGPSA-BLK-RED,Zxi 1995-2003,158.95,103.3
HT60-2TGPSA-BLK-WHT,Zxi 1995-2003,158.95,103.3
HT60-2TGPSA-BLK-YELL,Zxi 1995-2003,158.95,103.3
HT60-2TGPSA-BLU-BLK,Zxi 1995-2003,158.95,103.3
HT60-2TGPSA-DKG-BLK,Zxi 1995-2003,158.95,103.3
HT60-2TGPSA-GRA-BLK,Zxi 1995-2003,158.95,103.3
HT60-2TGPSA-LG-BLK,Zxi 1995-2003,158.95,103.3
HT60-2TGPSA-RED-BLK,Zxi 1995-2003,158.95,103.3
HT60DPSA-BLCA,Zxi 1995-2003,131.95,85.75
HT60DPSA-BLK,Zxi 1995-2003,131.95,85.75
HT60DPSA-BLMA,Zxi 1995-2003,131.95,85.75
HT60DPSA-DBlU,Zxi 1995-2003,131.95,85.75
HT60DPSA-DKGR,Zxi 1995-2003,131.95,85.75
HT60DPSA-Gray,Zxi 1995-2003,131.95,85.75
HT60DPSA-GRCA,Zxi 1995-2003,131.95,85.75
HT60DPSA-LG,Zxi 1995-2003,131.95,85.75
HT60DPSA-LGCA,Zxi 1995-2003,131.95,85.75
HT60DPSA-LTBLU,Zxi 1995-2003,131.95,85.75
HT60DPSA-ORAN,Zxi 1995-2003,131.95,85.75
HT60DPSA-PINK,Zxi 1995-2003,131.95,85.75
HT60DPSA-PLMA,Zxi 1995-2003,131.95,85.75
HT60DPSA-PRPL,Zxi 1995-2003,131.95,85.75
HT60DPSA-RBLU,Zxi 1995-2003,131.95,85.75
HT60DPSA-RDCA,Zxi 1995-2003,131.95,85.75
HT60DPSA-RED,Zxi 1995-2003,131.95,85.75
HT60DPSA-RLMA,Zxi 1995-2003,131.95,85.75
HT60DPSA-SNCA,Zxi 1995-2003,131.95,85.75
HT60DPSA-WHT,Zxi 1995-2003,131.95,85.75
HT60DPSA-Yell,Zxi 1995-2003,131.95,85.75
HT60DPSA-YLCA,Zxi 1995-2003,131.95,85.75
HT60GPSA-BLCA,Zxi 1995-2003,131.95,85.75
HT60GPSA-BLK,Zxi 1995-2003,131.95,85.75
HT60GPSA-BLMA,Zxi 1995-2003,131.95,85.75
HT60GPSA-DBlU,Zxi 1995-2003,131.95,85.75
HT60GPSA-DKGR,Zxi 1995-2003,131.95,85.75
HT60GPSA-Gray,Zxi 1995-2003,131.95,85.75
HT60GPSA-GRCA,Zxi 1995-2003,131.95,85.75
HT60GPSA-LG,Zxi 1995-2003,131.95,85.75
HT60GPSA-LGCA,Zxi 1995-2003,131.95,85.75
HT60GPSA-LTBLU,Zxi 1995-2003,131.95,85.75
HT60GPSA-ORAN,Zxi 1995-2003,131.95,85.75
HT60GPSA-PINK,Zxi 1995-2003,131.95,85.75
HT60GPSA-PLMA,Zxi 1995-2003,131.95,85.75
HT60GPSA-PRPL,Zxi 1995-2003,131.95,85.75
HT60GPSA-RBLU,Zxi 1995-2003,131.95,85.75
HT60GPSA-RDCA,Zxi 1995-2003,131.95,85.75
HT60GPSA-RED,Zxi 1995-2003,131.95,85.75
HT60GPSA-RLMA,Zxi 1995-2003,131.95,85.75
HT60GPSA-SNCA,Zxi 1995-2003,131.95,85.75
HT60GPSA-WHT,Zxi 1995-2003,131.95,85.75
HT60GPSA-Yell,Zxi 1995-2003,131.95,85.75
HT60GPSA-YLCA,Zxi 1995-2003,131.95,85.75
HT60MDPSA-BLK,Zxi 1995-2003,131.95,85.75
HT60MDPSA-DKGR,Zxi 1995-2003,131.95,85.75
HT60MDPSA-Gray,Zxi 1995-2003,131.95,85.75
HT60MDPSA-LG,Zxi 1995-2003,131.95,85.75
HT60MDPSA-RBLU,Zxi 1995-2003,131.95,85.75
HT60MDPSA-RED,Zxi 1995-2003,131.95,85.75
HT60MDPSA-WHT,Zxi 1995-2003,131.95,85.75
HT61-2TDPSA-BLK-BLU,Ultra 150 / Ultra 130,158.95,103.3
HT61-2TDPSA-BLK-DKGR,Ultra 150 / Ultra 130,158.95,103.3
HT61-2TDPSA-BLK-GRA,Ultra 150 / Ultra 130,158.95,103.3
HT61-2TDPSA-BLK-LG,Ultra 150 / Ultra 130,158.95,103.3
HT61-2TDPSA-BLK-ORAN,Ultra 150 / Ultra 130,158.95,103.3
HT61-2TDPSA-BLK-PINK,Ultra 150 / Ultra 130,158.95,103.3
HT61-2TDPSA-BLK-RED,Ultra 150 / Ultra 130,158.95,103.3
HT61-2TDPSA-BLK-WHT,Ultra 150 / Ultra 130,158.95,103.3
HT61-2TDPSA-BLK-YELL,Ultra 150 / Ultra 130,158.95,103.3
HT61-2TDPSA-BLU-BLK,Ultra 150 / Ultra 130,158.95,103.3
HT61-2TDPSA-DKG-BLK,Ultra 150 / Ultra 130,158.95,103.3
HT61-2TDPSA-GRA-BLK,Ultra 150 / Ultra 130,158.95,103.3
HT61-2TDPSA-LG-BLK,Ultra 150 / Ultra 130,158.95,103.3
HT61-2TDPSA-RED-BLK,Ultra 150 / Ultra 130,158.95,103.3
HT61-2TGPSA-BLK-BLU,Ultra 150 / Ultra 130,158.95,103.3
HT61-2TGPSA-BLK-DKGR,Ultra 150 / Ultra 130,158.95,103.3
HT61-2TGPSA-BLK-GRA,Ultra 150 / Ultra 130,158.95,103.3
HT61-2TGPSA-BLK-LG,Ultra 150 / Ultra 130,158.95,103.3
HT61-2TGPSA-BLK-ORAN,Ultra 150 / Ultra 130,158.95,103.3
HT61-2TGPSA-BLK-PINK,Ultra 150 / Ultra 130,158.95,103.3
HT61-2TGPSA-BLK-RED,Ultra 150 / Ultra 130,158.95,103.3
HT61-2TGPSA-BLK-WHT,Ultra 150 / Ultra 130,158.95,103.3
HT61-2TGPSA-BLK-YELL,Ultra 150 / Ultra 130,158.95,103.3
HT61-2TGPSA-BLU-BLK,Ultra 150 / Ultra 130,158.95,103.3
HT61-2TGPSA-DKG-BLK,Ultra 150 / Ultra 130,158.95,103.3
HT61-2TGPSA-GRA-BLK,Ultra 150 / Ultra 130,158.95,103.3
HT61-2TGPSA-LG-BLK,Ultra 150 / Ultra 130,158.95,103.3
HT61-2TGPSA-RED-BLK,Ultra 150 / Ultra 130,158.95,103.3
HT61DPSA-BLCA,Ultra 150 / Ultra 130,131.95,85.75
HT61DPSA-BLK,Ultra 150 / Ultra 130,131.95,85.75
HT61DPSA-BLMA,Ultra 150 / Ultra 130,131.95,85.75
HT61DPSA-DBlU,Ultra 150 / Ultra 130,131.95,85.75
HT61DPSA-DKGR,Ultra 150 / Ultra 130,131.95,85.75
HT61DPSA-Gray,Ultra 150 / Ultra 130,131.95,85.75
HT61DPSA-GRCA,Ultra 150 / Ultra 130,131.95,85.75
HT61DPSA-LG,Ultra 150 / Ultra 130,131.95,85.75
HT61DPSA-LGCA,Ultra 150 / Ultra 130,131.95,85.75
HT61DPSA-LTBLU,Ultra 150 / Ultra 130,131.95,85.75
HT61DPSA-ORAN,Ultra 150 / Ultra 130,131.95,85.75
HT61DPSA-PINK,Ultra 150 / Ultra 130,131.95,85.75
HT61DPSA-PLMA,Ultra 150 / Ultra 130,131.95,85.75
HT61DPSA-PRPL,Ultra 150 / Ultra 130,131.95,85.75
HT61DPSA-RBLU,Ultra 150 / Ultra 130,131.95,85.75
HT61DPSA-RDCA,Ultra 150 / Ultra 130,131.95,85.75
HT61DPSA-RED,Ultra 150 / Ultra 130,131.95,85.75
HT61DPSA-RLMA,Ultra 150 / Ultra 130,131.95,85.75
HT61DPSA-SNCA,Ultra 150 / Ultra 130,131.95,85.75
HT61DPSA-WHT,Ultra 150 / Ultra 130,131.95,85.75
HT61DPSA-Yell,Ultra 150 / Ultra 130,131.95,85.75
HT61DPSA-YLCA,Ultra 150 / Ultra 130,131.95,85.75
HT61GPSA-BLCA,Ultra 150 / Ultra 130,131.95,85.75
HT61GPSA-BLK,Ultra 150 / Ultra 130,131.95,85.75
HT61GPSA-BLMA,Ultra 150 / Ultra 130,131.95,85.75
HT61GPSA-DBlU,Ultra 150 / Ultra 130,131.95,85.75
HT61GPSA-DKGR,Ultra 150 / Ultra 130,131.95,85.75
HT61GPSA-Gray,Ultra 150 / Ultra 130,131.95,85.75
HT61GPSA-GRCA,Ultra 150 / Ultra 130,131.95,85.75
HT61GPSA-LG,Ultra 150 / Ultra 130,131.95,85.75
HT61GPSA-LGCA,Ultra 150 / Ultra 130,131.95,85.75
HT61GPSA-LTBLU,Ultra 150 / Ultra 130,131.95,85.75
HT61GPSA-ORAN,Ultra 150 / Ultra 130,131.95,85.75
HT61GPSA-PINK,Ultra 150 / Ultra 130,131.95,85.75
HT61GPSA-PLMA,Ultra 150 / Ultra 130,131.95,85.75
HT61GPSA-PRPL,Ultra 150 / Ultra 130,131.95,85.75
HT61GPSA-RBLU,Ultra 150 / Ultra 130,131.95,85.75
HT61GPSA-RDCA,Ultra 150 / Ultra 130,131.95,85.75
HT61GPSA-RED,Ultra 150 / Ultra 130,131.95,85.75
HT61GPSA-RLMA,Ultra 150 / Ultra 130,131.95,85.75
HT61GPSA-SNCA,Ultra 150 / Ultra 130,131.95,85.75
HT61GPSA-WHT,Ultra 150 / Ultra 130,131.95,85.75
HT61GPSA-Yell,Ultra 150 / Ultra 130,131.95,85.75
HT61GPSA-YLCA,Ultra 150 / Ultra 130,131.95,85.75
HT61MDPSA-BLK,Ultra 150 / Ultra 130,131.95,85.75
HT61MDPSA-DKGR,Ultra 150 / Ultra 130,131.95,85.75
HT61MDPSA-Gray,Ultra 150 / Ultra 130,131.95,85.75
HT61MDPSA-LG,Ultra 150 / Ultra 130,131.95,85.75
HT61MDPSA-RBLU,Ultra 150 / Ultra 130,131.95,85.75
HT61MDPSA-RED,Ultra 150 / Ultra 130,131.95,85.75
HT61MDPSA-WHT,Ultra 150 / Ultra 130,131.95,85.75
HT62-2TDPSA-BLK-BLU,"Ultra LX, 250, 260, 300 & 310 (07-20)",158.95,103.3
HT62-2TDPSA-BLK-DKGR,"Ultra LX, 250, 260, 300 & 310 (07-20)",158.95,103.3
HT62-2TDPSA-BLK-GRA,"Ultra LX, 250, 260, 300 & 310 (07-20)",158.95,103.3
HT62-2TDPSA-BLK-LG,"Ultra LX, 250, 260, 300 & 310 (07-20)",158.95,103.3
HT62-2TDPSA-BLK-ORAN,"Ultra LX, 250, 260, 300 & 310 (07-20)",158.95,103.3
HT62-2TDPSA-BLK-PINK,"Ultra LX, 250, 260, 300 & 310 (07-20)",158.95,103.3
HT62-2TDPSA-BLK-RED,"Ultra LX, 250, 260, 300 & 310 (07-20)",158.95,103.3
HT62-2TDPSA-BLK-WHT,"Ultra LX, 250, 260, 300 & 310 (07-20)",158.95,103.3
HT62-2TDPSA-BLK-YELL,"Ultra LX, 250, 260, 300 & 310 (07-20)",158.95,103.3
HT62-2TDPSA-BLU-BLK,"Ultra LX, 250, 260, 300 & 310 (07-20)",158.95,103.3
HT62-2TDPSA-DKG-BLK,"Ultra LX, 250, 260, 300 & 310 (07-20)",158.95,103.3
HT62-2TDPSA-GRA-BLK,"Ultra LX, 250, 260, 300 & 310 (07-20)",158.95,103.3
HT62-2TDPSA-LG-BLK,"Ultra LX, 250, 260, 300 & 310 (07-20)",158.95,103.3
HT62-2TDPSA-RED-BLK,"Ultra LX, 250, 260, 300 & 310 (07-20)",158.95,103.3
HT62-2TGPSA-BLK-BLU,"Ultra LX, 250, 260, 300 & 310 (07-20)",158.95,103.3
HT62-2TGPSA-BLK-DKGR,"Ultra LX, 250, 260, 300 & 310 (07-20)",158.95,103.3
HT62-2TGPSA-BLK-GRA,"Ultra LX, 250, 260, 300 & 310 (07-20)",158.95,103.3
HT62-2TGPSA-BLK-LG,"Ultra LX, 250, 260, 300 & 310 (07-20)",158.95,103.3
HT62-2TGPSA-BLK-ORAN,"Ultra LX, 250, 260, 300 & 310 (07-20)",158.95,103.3
HT62-2TGPSA-BLK-PINK,"Ultra LX, 250, 260, 300 & 310 (07-20)",158.95,103.3
HT62-2TGPSA-BLK-RED,"Ultra LX, 250, 260, 300 & 310 (07-20)",158.95,103.3
HT62-2TGPSA-BLK-WHT,"Ultra LX, 250, 260, 300 & 310 (07-20)",158.95,103.3
HT62-2TGPSA-BLK-YELL,"Ultra LX, 250, 260, 300 & 310 (07-20)",158.95,103.3
HT62-2TGPSA-BLU-BLK,"Ultra LX, 250, 260, 300 & 310 (07-20)",158.95,103.3
HT62-2TGPSA-DKG-BLK,"Ultra LX, 250, 260, 300 & 310 (07-20)",158.95,103.3
HT62-2TGPSA-GRA-BLK,"Ultra LX, 250, 260, 300 & 310 (07-20)",158.95,103.3
HT62-2TGPSA-LG-BLK,"Ultra LX, 250, 260, 300 & 310 (07-20)",158.95,103.3
HT62-2TGPSA-RED-BLK,"Ultra LX, 250, 260, 300 & 310 (07-20)",158.95,103.3
HT62DPSA-BLCA,"Ultra LX, 250, 260, 300 & 310 (07-20)",131.95,85.75
HT62DPSA-BLK,"Ultra LX, 250, 260, 300 & 310 (07-20)",131.95,85.75
HT62DPSA-BLMA,"Ultra LX, 250, 260, 300 & 310 (07-20)",131.95,85.75
HT62DPSA-DBlU,"Ultra LX, 250, 260, 300 & 310 (07-20)",131.95,85.75
HT62DPSA-DKGR,"Ultra LX, 250, 260, 300 & 310 (07-20)",131.95,85.75
HT62DPSA-Gray,"Ultra LX, 250, 260, 300 & 310 (07-20)",131.95,85.75
HT62DPSA-GRCA,"Ultra LX, 250, 260, 300 & 310 (07-20)",131.95,85.75
HT62DPSA-LG,"Ultra LX, 250, 260, 300 & 310 (07-20)",131.95,85.75
HT62DPSA-LGCA,"Ultra LX, 250, 260, 300 & 310 (07-20)",131.95,85.75
HT62DPSA-LTBLU,"Ultra LX, 250, 260, 300 & 310 (07-20)",131.95,85.75
HT62DPSA-ORAN,"Ultra LX, 250, 260, 300 & 310 (07-20)",131.95,85.75
HT62DPSA-PINK,"Ultra LX, 250, 260, 300 & 310 (07-20)",131.95,85.75
HT62DPSA-PLMA,"Ultra LX, 250, 260, 300 & 310 (07-20)",131.95,85.75
HT62DPSA-PRPL,"Ultra LX, 250, 260, 300 & 310 (07-20)",131.95,85.75
HT62DPSA-RBLU,"Ultra LX, 250, 260, 300 & 310 (07-20)",131.95,85.75
HT62DPSA-RDCA,"Ultra LX, 250, 260, 300 & 310 (07-20)",131.95,85.75
HT62DPSA-RED,"Ultra LX, 250, 260, 300 & 310 (07-20)",131.95,85.75
HT62DPSA-RLMA,"Ultra LX, 250, 260, 300 & 310 (07-20)",131.95,85.75
HT62DPSA-SNCA,"Ultra LX, 250, 260, 300 & 310 (07-20)",131.95,85.75
HT62DPSA-WHT,"Ultra LX, 250, 260, 300 & 310 (07-20)",131.95,85.75
HT62DPSA-Yell,"Ultra LX, 250, 260, 300 & 310 (07-20)",131.95,85.75
HT62DPSA-YLCA,"Ultra LX, 250, 260, 300 & 310 (07-20)",131.95,85.75
HT62GPSA-BLCA,"Ultra LX, 250, 260, 300 & 310 (07-20)",131.95,85.75
HT62GPSA-BLK,"Ultra LX, 250, 260, 300 & 310 (07-20)",131.95,85.75
HT62GPSA-BLMA,"Ultra LX, 250, 260, 300 & 310 (07-20)",131.95,85.75
HT62GPSA-DBlU,"Ultra LX, 250, 260, 300 & 310 (07-20)",131.95,85.75
HT62GPSA-DKGR,"Ultra LX, 250, 260, 300 & 310 (07-20)",131.95,85.75
HT62GPSA-Gray,"Ultra LX, 250, 260, 300 & 310 (07-20)",131.95,85.75
HT62GPSA-GRCA,"Ultra LX, 250, 260, 300 & 310 (07-20)",131.95,85.75
HT62GPSA-LG,"Ultra LX, 250, 260, 300 & 310 (07-20)",131.95,85.75
HT62GPSA-LGCA,"Ultra LX, 250, 260, 300 & 310 (07-20)",131.95,85.75
HT62GPSA-LTBLU,"Ultra LX, 250, 260, 300 & 310 (07-20)",131.95,85.75
HT62GPSA-ORAN,"Ultra LX, 250, 260, 300 & 310 (07-20)",131.95,85.75
HT62GPSA-PINK,"Ultra LX, 250, 260, 300 & 310 (07-20)",131.95,85.75
HT62GPSA-PLMA,"Ultra LX, 250, 260, 300 & 310 (07-20)",131.95,85.75
HT62GPSA-PRPL,"Ultra LX, 250, 260, 300 & 310 (07-20)",131.95,85.75
HT62GPSA-RBLU,"Ultra LX, 250, 260, 300 & 310 (07-20)",131.95,85.75
HT62GPSA-RDCA,"Ultra LX, 250, 260, 300 & 310 (07-20)",131.95,85.75
HT62GPSA-RED,"Ultra LX, 250, 260, 300 & 310 (07-20)",131.95,85.75
HT62GPSA-RLMA,"Ultra LX, 250, 260, 300 & 310 (07-20)",131.95,85.75
HT62GPSA-SNCA,"Ultra LX, 250, 260, 300 & 310 (07-20)",131.95,85.75
HT62GPSA-WHT,"Ultra LX, 250, 260, 300 & 310 (07-20)",131.95,85.75
HT62GPSA-Yell,"Ultra LX, 250, 260, 300 & 310 (07-20)",131.95,85.75
HT62GPSA-YLCA,"Ultra LX, 250, 260, 300 & 310 (07-20)",131.95,85.75
HT62MDPSA-BLK,"Ultra LX, 250, 260, 300 & 310 (07-20)",131.95,85.75
HT62MDPSA-DKGR,"Ultra LX, 250, 260, 300 & 310 (07-20)",131.95,85.75
HT62MDPSA-Gray,"Ultra LX, 250, 260, 300 & 310 (07-20)",131.95,85.75
HT62MDPSA-LG,"Ultra LX, 250, 260, 300 & 310 (07-20)",131.95,85.75
HT62MDPSA-RBLU,"Ultra LX, 250, 260, 300 & 310 (07-20)",131.95,85.75
HT62MDPSA-RED,"Ultra LX, 250, 260, 300 & 310 (07-20)",131.95,85.75
HT62MDPSA-WHT,"Ultra LX, 250, 260, 300 & 310 (07-20)",131.95,85.75
HT631-2TDPSA-BLK-BLU,1100 STX (97-99) / 900 STX (99-00) / 900 STS (01-02),158.95,103.3
HT631-2TDPSA-BLK-DKG,1100 STX (97-99) / 900 STX (99-00) / 900 STS (01-02),158.95,103.3
HT631-2TDPSA-BLK-GRA,1100 STX (97-99) / 900 STX (99-00) / 900 STS (01-02),158.95,103.3
HT631-2TDPSA-BLK-LG,1100 STX (97-99) / 900 STX (99-00) / 900 STS (01-02),158.95,103.3
HT631-2TDPSA-BLK-ORA,1100 STX (97-99) / 900 STX (99-00) / 900 STS (01-02),158.95,103.3
HT631-2TDPSA-BLK-PIN,1100 STX (97-99) / 900 STX (99-00) / 900 STS (01-02),158.95,103.3
HT631-2TDPSA-BLK-RED,1100 STX (97-99) / 900 STX (99-00) / 900 STS (01-02),158.95,103.3
HT631-2TDPSA-BLK-WHT,1100 STX (97-99) / 900 STX (99-00) / 900 STS (01-02),158.95,103.3
HT631-2TDPSA-BLK-YL,1100 STX (97-99) / 900 STX (99-00) / 900 STS (01-02),158.95,103.3
HT631-2TDPSA-BLU-BLK,1100 STX (97-99) / 900 STX (99-00) / 900 STS (01-02),158.95,103.3
HT631-2TDPSA-DKG-BLK,1100 STX (97-99) / 900 STX (99-00) / 900 STS (01-02),158.95,103.3
HT631-2TDPSA-GRA-BLK,1100 STX (97-99) / 900 STX (99-00) / 900 STS (01-02),158.95,103.3
HT631-2TDPSA-LG-BLK,1100 STX (97-99) / 900 STX (99-00) / 900 STS (01-02),158.95,103.3
HT631-2TDPSA-RED-BLK,1100 STX (97-99) / 900 STX (99-00) / 900 STS (01-02),158.95,103.3
HT631-2TGPSA-BLK-BLU,1100 STX (97-99) / 900 STX (99-00) / 900 STS (01-02),158.95,103.3
HT631-2TGPSA-BLK-DKG,1100 STX (97-99) / 900 STX (99-00) / 900 STS (01-02),158.95,103.3
HT631-2TGPSA-BLK-GRA,1100 STX (97-99) / 900 STX (99-00) / 900 STS (01-02),158.95,103.3
HT631-2TGPSA-BLK-LG,1100 STX (97-99) / 900 STX (99-00) / 900 STS (01-02),158.95,103.3
HT631-2TGPSA-BLK-ORA,1100 STX (97-99) / 900 STX (99-00) / 900 STS (01-02),158.95,103.3
HT631-2TGPSA-BLK-PIN,1100 STX (97-99) / 900 STX (99-00) / 900 STS (01-02),158.95,103.3
HT631-2TGPSA-BLK-RED,1100 STX (97-99) / 900 STX (99-00) / 900 STS (01-02),158.95,103.3
HT631-2TGPSA-BLK-WHT,1100 STX (97-99) / 900 STX (99-00) / 900 STS (01-02),158.95,103.3
HT631-2TGPSA-BLK-YL,1100 STX (97-99) / 900 STX (99-00) / 900 STS (01-02),158.95,103.3
HT631-2TGPSA-BLU-BLK,1100 STX (97-99) / 900 STX (99-00) / 900 STS (01-02),158.95,103.3
HT631-2TGPSA-DKG-BLK,1100 STX (97-99) / 900 STX (99-00) / 900 STS (01-02),158.95,103.3
HT631-2TGPSA-GRA-BLK,1100 STX (97-99) / 900 STX (99-00) / 900 STS (01-02),158.95,103.3
HT631-2TGPSA-LG-BLK,1100 STX (97-99) / 900 STX (99-00) / 900 STS (01-02),158.95,103.3
HT631-2TGPSA-RED-BLK,1100 STX (97-99) / 900 STX (99-00) / 900 STS (01-02),158.95,103.3
HT631DPSA-BLCA,1100 STX (97-99) / 900 STX (99-00) / 900 STS (01-02),131.95,85.75
HT631DPSA-BLK,1100 STX (97-99) / 900 STX (99-00) / 900 STS (01-02),131.95,85.75
HT631DPSA-BLMA,1100 STX (97-99) / 900 STX (99-00) / 900 STS (01-02),131.95,85.75
HT631DPSA-DBlU,1100 STX (97-99) / 900 STX (99-00) / 900 STS (01-02),131.95,85.75
HT631DPSA-DKGR,1100 STX (97-99) / 900 STX (99-00) / 900 STS (01-02),131.95,85.75
HT631DPSA-Gray,1100 STX (97-99) / 900 STX (99-00) / 900 STS (01-02),131.95,85.75
HT631DPSA-GRCA,1100 STX (97-99) / 900 STX (99-00) / 900 STS (01-02),131.95,85.75
HT631DPSA-LG,1100 STX (97-99) / 900 STX (99-00) / 900 STS (01-02),131.95,85.75
HT631DPSA-LGCA,1100 STX (97-99) / 900 STX (99-00) / 900 STS (01-02),131.95,85.75
HT631DPSA-LTBLU,1100 STX (97-99) / 900 STX (99-00) / 900 STS (01-02),131.95,85.75
HT631DPSA-ORAN,1100 STX (97-99) / 900 STX (99-00) / 900 STS (01-02),131.95,85.75
HT631DPSA-PINK,1100 STX (97-99) / 900 STX (99-00) / 900 STS (01-02),131.95,85.75
HT631DPSA-PLMA,1100 STX (97-99) / 900 STX (99-00) / 900 STS (01-02),131.95,85.75
HT631DPSA-PRPL,1100 STX (97-99) / 900 STX (99-00) / 900 STS (01-02),131.95,85.75
HT631DPSA-RBLU,1100 STX (97-99) / 900 STX (99-00) / 900 STS (01-02),131.95,85.75
HT631DPSA-RDCA,1100 STX (97-99) / 900 STX (99-00) / 900 STS (01-02),131.95,85.75
HT631DPSA-RED,1100 STX (97-99) / 900 STX (99-00) / 900 STS (01-02),131.95,85.75
HT631DPSA-RLMA,1100 STX (97-99) / 900 STX (99-00) / 900 STS (01-02),131.95,85.75
HT631DPSA-SNCA,1100 STX (97-99) / 900 STX (99-00) / 900 STS (01-02),131.95,85.75
HT631DPSA-WHT,1100 STX (97-99) / 900 STX (99-00) / 900 STS (01-02),131.95,85.75
HT631DPSA-Yell,1100 STX (97-99) / 900 STX (99-00) / 900 STS (01-02),131.95,85.75
HT631DPSA-YLCA,1100 STX (97-99) / 900 STX (99-00) / 900 STS (01-02),131.95,85.75
HT631GPSA-BLCA,1100 STX (97-99) / 900 STX (99-00) / 900 STS (01-02),131.95,85.75
HT631GPSA-BLK,1100 STX (97-99) / 900 STX (99-00) / 900 STS (01-02),131.95,85.75
HT631GPSA-BLMA,1100 STX (97-99) / 900 STX (99-00) / 900 STS (01-02),131.95,85.75
HT631GPSA-DBlU,1100 STX (97-99) / 900 STX (99-00) / 900 STS (01-02),131.95,85.75
HT631GPSA-DKGR,1100 STX (97-99) / 900 STX (99-00) / 900 STS (01-02),131.95,85.75
HT631GPSA-Gray,1100 STX (97-99) / 900 STX (99-00) / 900 STS (01-02),131.95,85.75
HT631GPSA-GRCA,1100 STX (97-99) / 900 STX (99-00) / 900 STS (01-02),131.95,85.75
HT631GPSA-LG,1100 STX (97-99) / 900 STX (99-00) / 900 STS (01-02),131.95,85.75
HT631GPSA-LGCA,1100 STX (97-99) / 900 STX (99-00) / 900 STS (01-02),131.95,85.75
HT631GPSA-LTBLU,1100 STX (97-99) / 900 STX (99-00) / 900 STS (01-02),131.95,85.75
HT631GPSA-ORAN,1100 STX (97-99) / 900 STX (99-00) / 900 STS (01-02),131.95,85.75
HT631GPSA-PINK,1100 STX (97-99) / 900 STX (99-00) / 900 STS (01-02),131.95,85.75
HT631GPSA-PLMA,1100 STX (97-99) / 900 STX (99-00) / 900 STS (01-02),131.95,85.75
HT631GPSA-PRPL,1100 STX (97-99) / 900 STX (99-00) / 900 STS (01-02),131.95,85.75
HT631GPSA-RBLU,1100 STX (97-99) / 900 STX (99-00) / 900 STS (01-02),131.95,85.75
HT631GPSA-RDCA,1100 STX (97-99) / 900 STX (99-00) / 900 STS (01-02),131.95,85.75
HT631GPSA-RED,1100 STX (97-99) / 900 STX (99-00) / 900 STS (01-02),131.95,85.75
HT631GPSA-RLMA,1100 STX (97-99) / 900 STX (99-00) / 900 STS (01-02),131.95,85.75
HT631GPSA-SNCA,1100 STX (97-99) / 900 STX (99-00) / 900 STS (01-02),131.95,85.75
HT631GPSA-WHT,1100 STX (97-99) / 900 STX (99-00) / 900 STS (01-02),131.95,85.75
HT631GPSA-Yell,1100 STX (97-99) / 900 STX (99-00) / 900 STS (01-02),131.95,85.75
HT631GPSA-YLCA,1100 STX (97-99) / 900 STX (99-00) / 900 STS (01-02),131.95,85.75
HT631MDPSA-BLK,1100 STX (97-99) / 900 STX (99-00) / 900 STS (01-02),131.95,85.75
HT631MDPSA-DKGR,1100 STX (97-99) / 900 STX (99-00) / 900 STS (01-02),131.95,85.75
HT631MDPSA-Gray,1100 STX (97-99) / 900 STX (99-00) / 900 STS (01-02),131.95,85.75
HT631MDPSA-LG,1100 STX (97-99) / 900 STX (99-00) / 900 STS (01-02),131.95,85.75
HT631MDPSA-RBLU,1100 STX (97-99) / 900 STX (99-00) / 900 STS (01-02),131.95,85.75
HT631MDPSA-RED,1100 STX (97-99) / 900 STX (99-00) / 900 STS (01-02),131.95,85.75
HT631MDPSA-WHT,1100 STX (97-99) / 900 STX (99-00) / 900 STS (01-02),131.95,85.75
HT63-2TDPSA-BLK-BLU,ST / STS / 750 STX & 900 STX (Pre 99),158.95,103.3
HT63-2TDPSA-BLK-DKGR,ST / STS / 750 STX & 900 STX (Pre 99),158.95,103.3
HT63-2TDPSA-BLK-GRA,ST / STS / 750 STX & 900 STX (Pre 99),158.95,103.3
HT63-2TDPSA-BLK-LG,ST / STS / 750 STX & 900 STX (Pre 99),158.95,103.3
HT63-2TDPSA-BLK-ORAN,ST / STS / 750 STX & 900 STX (Pre 99),158.95,103.3
HT63-2TDPSA-BLK-PINK,ST / STS / 750 STX & 900 STX (Pre 99),158.95,103.3
HT63-2TDPSA-BLK-RED,ST / STS / 750 STX & 900 STX (Pre 99),158.95,103.3
HT63-2TDPSA-BLK-WHT,ST / STS / 750 STX & 900 STX (Pre 99),158.95,103.3
HT63-2TDPSA-BLK-YELL,ST / STS / 750 STX & 900 STX (Pre 99),158.95,103.3
HT63-2TDPSA-BLU-BLK,ST / STS / 750 STX & 900 STX (Pre 99),158.95,103.3
HT63-2TDPSA-DKG-BLK,ST / STS / 750 STX & 900 STX (Pre 99),158.95,103.3
HT63-2TDPSA-GRA-BLK,ST / STS / 750 STX & 900 STX (Pre 99),158.95,103.3
HT63-2TDPSA-LG-BLK,ST / STS / 750 STX & 900 STX (Pre 99),158.95,103.3
HT63-2TDPSA-RED-BLK,ST / STS / 750 STX & 900 STX (Pre 99),158.95,103.3
HT63-2TGPSA-BLK-BLU,ST / STS / 750 STX & 900 STX (Pre 99),158.95,103.3
HT63-2TGPSA-BLK-DKGR,ST / STS / 750 STX & 900 STX (Pre 99),158.95,103.3
HT63-2TGPSA-BLK-GRA,ST / STS / 750 STX & 900 STX (Pre 99),158.95,103.3
HT63-2TGPSA-BLK-LG,ST / STS / 750 STX & 900 STX (Pre 99),158.95,103.3
HT63-2TGPSA-BLK-ORAN,ST / STS / 750 STX & 900 STX (Pre 99),158.95,103.3
HT63-2TGPSA-BLK-PINK,ST / STS / 750 STX & 900 STX (Pre 99),158.95,103.3
HT63-2TGPSA-BLK-RED,ST / STS / 750 STX & 900 STX (Pre 99),158.95,103.3
HT63-2TGPSA-BLK-WHT,ST / STS / 750 STX & 900 STX (Pre 99),158.95,103.3
HT63-2TGPSA-BLK-YELL,ST / STS / 750 STX & 900 STX (Pre 99),158.95,103.3
HT63-2TGPSA-BLU-BLK,ST / STS / 750 STX & 900 STX (Pre 99),158.95,103.3
HT63-2TGPSA-DKG-BLK,ST / STS / 750 STX & 900 STX (Pre 99),158.95,103.3
HT63-2TGPSA-GRA-BLK,ST / STS / 750 STX & 900 STX (Pre 99),158.95,103.3
HT63-2TGPSA-LG-BLK,ST / STS / 750 STX & 900 STX (Pre 99),158.95,103.3
HT63-2TGPSA-RED-BLK,ST / STS / 750 STX & 900 STX (Pre 99),158.95,103.3
HT63DPSA-BLCA,ST / STS / 750 STX & 900 STX (Pre 99),131.95,85.75
HT63DPSA-BLK,ST / STS / 750 STX & 900 STX (Pre 99),131.95,85.75
HT63DPSA-BLMA,ST / STS / 750 STX & 900 STX (Pre 99),131.95,85.75
HT63DPSA-DBlU,ST / STS / 750 STX & 900 STX (Pre 99),131.95,85.75
HT63DPSA-DKGR,ST / STS / 750 STX & 900 STX (Pre 99),131.95,85.75
HT63DPSA-Gray,ST / STS / 750 STX & 900 STX (Pre 99),131.95,85.75
HT63DPSA-GRCA,ST / STS / 750 STX & 900 STX (Pre 99),131.95,85.75
HT63DPSA-LG,ST / STS / 750 STX & 900 STX (Pre 99),131.95,85.75
HT63DPSA-LGCA,ST / STS / 750 STX & 900 STX (Pre 99),131.95,85.75
HT63DPSA-LTBLU,ST / STS / 750 STX & 900 STX (Pre 99),131.95,85.75
HT63DPSA-ORAN,ST / STS / 750 STX & 900 STX (Pre 99),131.95,85.75
HT63DPSA-PINK,ST / STS / 750 STX & 900 STX (Pre 99),131.95,85.75
HT63DPSA-PLMA,ST / STS / 750 STX & 900 STX (Pre 99),131.95,85.75
HT63DPSA-PRPL,ST / STS / 750 STX & 900 STX (Pre 99),131.95,85.75
HT63DPSA-RBLU,ST / STS / 750 STX & 900 STX (Pre 99),131.95,85.75
HT63DPSA-RDCA,ST / STS / 750 STX & 900 STX (Pre 99),131.95,85.75
HT63DPSA-RED,ST / STS / 750 STX & 900 STX (Pre 99),131.95,85.75
HT63DPSA-RLMA,ST / STS / 750 STX & 900 STX (Pre 99),131.95,85.75
HT63DPSA-SNCA,ST / STS / 750 STX & 900 STX (Pre 99),131.95,85.75
HT63DPSA-WHT,ST / STS / 750 STX & 900 STX (Pre 99),131.95,85.75
HT63DPSA-Yell,ST / STS / 750 STX & 900 STX (Pre 99),131.95,85.75
HT63DPSA-YLCA,ST / STS / 750 STX & 900 STX (Pre 99),131.95,85.75
HT63GPSA-BLCA,ST / STS / 750 STX & 900 STX (Pre 99),131.95,85.75
HT63GPSA-BLK,ST / STS / 750 STX & 900 STX (Pre 99),131.95,85.75
HT63GPSA-BLMA,ST / STS / 750 STX & 900 STX (Pre 99),131.95,85.75
HT63GPSA-DBlU,ST / STS / 750 STX & 900 STX (Pre 99),131.95,85.75
HT63GPSA-DKGR,ST / STS / 750 STX & 900 STX (Pre 99),131.95,85.75
HT63GPSA-Gray,ST / STS / 750 STX & 900 STX (Pre 99),131.95,85.75
HT63GPSA-GRCA,ST / STS / 750 STX & 900 STX (Pre 99),131.95,85.75
HT63GPSA-LG,ST / STS / 750 STX & 900 STX (Pre 99),131.95,85.75
HT63GPSA-LGCA,ST / STS / 750 STX & 900 STX (Pre 99),131.95,85.75
HT63GPSA-LTBLU,ST / STS / 750 STX & 900 STX (Pre 99),131.95,85.75
HT63GPSA-ORAN,ST / STS / 750 STX & 900 STX (Pre 99),131.95,85.75
HT63GPSA-PINK,ST / STS / 750 STX & 900 STX (Pre 99),131.95,85.75
HT63GPSA-PLMA,ST / STS / 750 STX & 900 STX (Pre 99),131.95,85.75
HT63GPSA-PRPL,ST / STS / 750 STX & 900 STX (Pre 99),131.95,85.75
HT63GPSA-RBLU,ST / STS / 750 STX & 900 STX (Pre 99),131.95,85.75
HT63GPSA-RDCA,ST / STS / 750 STX & 900 STX (Pre 99),131.95,85.75
HT63GPSA-RED,ST / STS / 750 STX & 900 STX (Pre 99),131.95,85.75
HT63GPSA-RLMA,ST / STS / 750 STX & 900 STX (Pre 99),131.95,85.75
HT63GPSA-SNCA,ST / STS / 750 STX & 900 STX (Pre 99),131.95,85.75
HT63GPSA-WHT,ST / STS / 750 STX & 900 STX (Pre 99),131.95,85.75
HT63GPSA-Yell,ST / STS / 750 STX & 900 STX (Pre 99),131.95,85.75
HT63GPSA-YLCA,ST / STS / 750 STX & 900 STX (Pre 99),131.95,85.75
HT63MDPSA-BLK,ST / STS / 750 STX & 900 STX (Pre 99),131.95,85.75
HT63MDPSA-DKGR,ST / STS / 750 STX & 900 STX (Pre 99),131.95,85.75
HT63MDPSA-Gray,ST / STS / 750 STX & 900 STX (Pre 99),131.95,85.75
HT63MDPSA-LG,ST / STS / 750 STX & 900 STX (Pre 99),131.95,85.75
HT63MDPSA-RBLU,ST / STS / 750 STX & 900 STX (Pre 99),131.95,85.75
HT63MDPSA-RED,ST / STS / 750 STX & 900 STX (Pre 99),131.95,85.75
HT63MDPSA-WHT,ST / STS / 750 STX & 900 STX (Pre 99),131.95,85.75
HT642-2TDPSA-BLK-BLU,STX 160 / STX 160X / STX 160LX (20),158.95,103.3
HT642-2TDPSA-BLK-DKG,STX 160 / STX 160X / STX 160LX (20),158.95,103.3
HT642-2TDPSA-BLK-GRA,STX 160 / STX 160X / STX 160LX (20),158.95,103.3
HT642-2TDPSA-BLK-LG,STX 160 / STX 160X / STX 160LX (20),158.95,103.3
HT642-2TDPSA-BLK-ORA,STX 160 / STX 160X / STX 160LX (20),158.95,103.3
HT642-2TDPSA-BLK-PIN,STX 160 / STX 160X / STX 160LX (20),158.95,103.3
HT642-2TDPSA-BLK-RED,STX 160 / STX 160X / STX 160LX (20),158.95,103.3
HT642-2TDPSA-BLK-WHT,STX 160 / STX 160X / STX 160LX (20),158.95,103.3
HT642-2TDPSA-BLK-YL,STX 160 / STX 160X / STX 160LX (20),158.95,103.3
HT642-2TDPSA-BLU-BLK,STX 160 / STX 160X / STX 160LX (20),158.95,103.3
HT642-2TDPSA-DKG-BLK,STX 160 / STX 160X / STX 160LX (20),158.95,103.3
HT642-2TDPSA-GRA-BLK,STX 160 / STX 160X / STX 160LX (20),158.95,103.3
HT642-2TDPSA-LG-BLK,STX 160 / STX 160X / STX 160LX (20),158.95,103.3
HT642-2TDPSA-RED-BLK,STX 160 / STX 160X / STX 160LX (20),158.95,103.3
HT642-2TGPSA-BLK-BLU,STX 160 / STX 160X / STX 160LX (20),158.95,103.3
HT642-2TGPSA-BLK-DKG,STX 160 / STX 160X / STX 160LX (20),158.95,103.3
HT642-2TGPSA-BLK-GRA,STX 160 / STX 160X / STX 160LX (20),158.95,103.3
HT642-2TGPSA-BLK-LG,STX 160 / STX 160X / STX 160LX (20),158.95,103.3
HT642-2TGPSA-BLK-ORA,STX 160 / STX 160X / STX 160LX (20),158.95,103.3
HT642-2TGPSA-BLK-PIN,STX 160 / STX 160X / STX 160LX (20),158.95,103.3
HT642-2TGPSA-BLK-RED,STX 160 / STX 160X / STX 160LX (20),158.95,103.3
HT642-2TGPSA-BLK-WHT,STX 160 / STX 160X / STX 160LX (20),158.95,103.3
HT642-2TGPSA-BLK-YL,STX 160 / STX 160X / STX 160LX (20),158.95,103.3
HT642-2TGPSA-BLU-BLK,STX 160 / STX 160X / STX 160LX (20),158.95,103.3
HT642-2TGPSA-DKG-BLK,STX 160 / STX 160X / STX 160LX (20),158.95,103.3
HT642-2TGPSA-GRA-BLK,STX 160 / STX 160X / STX 160LX (20),158.95,103.3
HT642-2TGPSA-LG-BLK,STX 160 / STX 160X / STX 160LX (20),158.95,103.3
HT642-2TGPSA-RED-BLK,STX 160 / STX 160X / STX 160LX (20),158.95,103.3
HT642DPSA-BLCA,STX 160 / STX 160X / STX 160LX (20),131.95,85.75
HT642DPSA-BLK,STX 160 / STX 160X / STX 160LX (20),131.95,85.75
HT642DPSA-BLMA,STX 160 / STX 160X / STX 160LX (20),131.95,85.75
HT642DPSA-DBlU,STX 160 / STX 160X / STX 160LX (20),131.95,85.75
HT642DPSA-DKGR,STX 160 / STX 160X / STX 160LX (20),131.95,85.75
HT642DPSA-Gray,STX 160 / STX 160X / STX 160LX (20),131.95,85.75
HT642DPSA-GRCA,STX 160 / STX 160X / STX 160LX (20),131.95,85.75
HT642DPSA-LG,STX 160 / STX 160X / STX 160LX (20),131.95,85.75
HT642DPSA-LGCA,STX 160 / STX 160X / STX 160LX (20),131.95,85.75
HT642DPSA-LTBLU,STX 160 / STX 160X / STX 160LX (20),131.95,85.75
HT642DPSA-ORAN,STX 160 / STX 160X / STX 160LX (20),131.95,85.75
HT642DPSA-PINK,STX 160 / STX 160X / STX 160LX (20),131.95,85.75
HT642DPSA-PLMA,STX 160 / STX 160X / STX 160LX (20),131.95,85.75
HT642DPSA-PRPL,STX 160 / STX 160X / STX 160LX (20),131.95,85.75
HT642DPSA-RBLU,STX 160 / STX 160X / STX 160LX (20),131.95,85.75
HT642DPSA-RDCA,STX 160 / STX 160X / STX 160LX (20),131.95,85.75
HT642DPSA-RED,STX 160 / STX 160X / STX 160LX (20),131.95,85.75
HT642DPSA-RLMA,STX 160 / STX 160X / STX 160LX (20),131.95,85.75
HT642DPSA-SNCA,STX 160 / STX 160X / STX 160LX (20),131.95,85.75
HT642DPSA-WHT,STX 160 / STX 160X / STX 160LX (20),131.95,85.75
HT642DPSA-Yell,STX 160 / STX 160X / STX 160LX (20),131.95,85.75
HT642DPSA-YLCA,STX 160 / STX 160X / STX 160LX (20),131.95,85.75
HT642GPSA-BLCA,STX 160 / STX 160X / STX 160LX (20),131.95,85.75
HT642GPSA-BLK,STX 160 / STX 160X / STX 160LX (20),131.95,85.75
HT642GPSA-BLMA,STX 160 / STX 160X / STX 160LX (20),131.95,85.75
HT642GPSA-DBlU,STX 160 / STX 160X / STX 160LX (20),131.95,85.75
HT642GPSA-DKGR,STX 160 / STX 160X / STX 160LX (20),131.95,85.75
HT642GPSA-Gray,STX 160 / STX 160X / STX 160LX (20),131.95,85.75
HT642GPSA-GRCA,STX 160 / STX 160X / STX 160LX (20),131.95,85.75
HT642GPSA-LG,STX 160 / STX 160X / STX 160LX (20),131.95,85.75
HT642GPSA-LGCA,STX 160 / STX 160X / STX 160LX (20),131.95,85.75
HT642GPSA-LTBLU,STX 160 / STX 160X / STX 160LX (20),131.95,85.75
HT642GPSA-ORAN,STX 160 / STX 160X / STX 160LX (20),131.95,85.75
HT642GPSA-PINK,STX 160 / STX 160X / STX 160LX (20),131.95,85.75
HT642GPSA-PLMA,STX 160 / STX 160X / STX 160LX (20),131.95,85.75
HT642GPSA-PRPL,STX 160 / STX 160X / STX 160LX (20),131.95,85.75
HT642GPSA-RBLU,STX 160 / STX 160X / STX 160LX (20),131.95,85.75
HT642GPSA-RDCA,STX 160 / STX 160X / STX 160LX (20),131.95,85.75
HT642GPSA-RED,STX 160 / STX 160X / STX 160LX (20),131.95,85.75
HT642GPSA-RLMA,STX 160 / STX 160X / STX 160LX (20),131.95,85.75
HT642GPSA-SNCA,STX 160 / STX 160X / STX 160LX (20),131.95,85.75
HT642GPSA-WHT,STX 160 / STX 160X / STX 160LX (20),131.95,85.75
HT642GPSA-Yell,STX 160 / STX 160X / STX 160LX (20),131.95,85.75
HT642GPSA-YLCA,STX 160 / STX 160X / STX 160LX (20),131.95,85.75
HT642MDPSA-BLK,STX 160 / STX 160X / STX 160LX (20),131.95,85.75
HT642MDPSA-DKGR,STX 160 / STX 160X / STX 160LX (20),131.95,85.75
HT642MDPSA-Gray,STX 160 / STX 160X / STX 160LX (20),131.95,85.75
HT642MDPSA-LG,STX 160 / STX 160X / STX 160LX (20),131.95,85.75
HT642MDPSA-RBLU,STX 160 / STX 160X / STX 160LX (20),131.95,85.75
HT642MDPSA-RED,STX 160 / STX 160X / STX 160LX (20),131.95,85.75
HT642MDPSA-WHT,STX 160 / STX 160X / STX 160LX (20),131.95,85.75
HT64-2TDPSA-BLK-BLU,1100 STX DI (00-02) / All STX (01-19),158.95,103.3
HT64-2TDPSA-BLK-DKGR,1100 STX DI (00-02) / All STX (01-19),158.95,103.3
HT64-2TDPSA-BLK-GRA,1100 STX DI (00-02) / All STX (01-19),158.95,103.3
HT64-2TDPSA-BLK-LG,1100 STX DI (00-02) / All STX (01-19),158.95,103.3
HT64-2TDPSA-BLK-ORAN,1100 STX DI (00-02) / All STX (01-19),158.95,103.3
HT64-2TDPSA-BLK-PINK,1100 STX DI (00-02) / All STX (01-19),158.95,103.3
HT64-2TDPSA-BLK-RED,1100 STX DI (00-02) / All STX (01-19),158.95,103.3
HT64-2TDPSA-BLK-WHT,1100 STX DI (00-02) / All STX (01-19),158.95,103.3
HT64-2TDPSA-BLK-YELL,1100 STX DI (00-02) / All STX (01-19),158.95,103.3
HT64-2TDPSA-BLU-BLK,1100 STX DI (00-02) / All STX (01-19),158.95,103.3
HT64-2TDPSA-DKG-BLK,1100 STX DI (00-02) / All STX (01-19),158.95,103.3
HT64-2TDPSA-GRA-BLK,1100 STX DI (00-02) / All STX (01-19),158.95,103.3
HT64-2TDPSA-LG-BLK,1100 STX DI (00-02) / All STX (01-19),158.95,103.3
HT64-2TDPSA-RED-BLK,1100 STX DI (00-02) / All STX (01-19),158.95,103.3
HT64-2TGPSA-BLK-BLU,1100 STX DI (00-02) / All STX (01-19),158.95,103.3
HT64-2TGPSA-BLK-DKGR,1100 STX DI (00-02) / All STX (01-19),158.95,103.3
HT64-2TGPSA-BLK-GRA,1100 STX DI (00-02) / All STX (01-19),158.95,103.3
HT64-2TGPSA-BLK-LG,1100 STX DI (00-02) / All STX (01-19),158.95,103.3
HT64-2TGPSA-BLK-ORAN,1100 STX DI (00-02) / All STX (01-19),158.95,103.3
HT64-2TGPSA-BLK-PINK,1100 STX DI (00-02) / All STX (01-19),158.95,103.3
HT64-2TGPSA-BLK-RED,1100 STX DI (00-02) / All STX (01-19),158.95,103.3
HT64-2TGPSA-BLK-WHT,1100 STX DI (00-02) / All STX (01-19),158.95,103.3
HT64-2TGPSA-BLK-YELL,1100 STX DI (00-02) / All STX (01-19),158.95,103.3
HT64-2TGPSA-BLU-BLK,1100 STX DI (00-02) / All STX (01-19),158.95,103.3
HT64-2TGPSA-DKG-BLK,1100 STX DI (00-02) / All STX (01-19),158.95,103.3
HT64-2TGPSA-GRA-BLK,1100 STX DI (00-02) / All STX (01-19),158.95,103.3
HT64-2TGPSA-LG-BLK,1100 STX DI (00-02) / All STX (01-19),158.95,103.3
HT64-2TGPSA-RED-BLK,1100 STX DI (00-02) / All STX (01-19),158.95,103.3
HT64DPSA-BLCA,1100 STX DI (00-02) / All STX (01-19),131.95,85.75
HT64DPSA-BLK,1100 STX DI (00-02) / All STX (01-19),131.95,85.75
HT64DPSA-BLMA,1100 STX DI (00-02) / All STX (01-19),131.95,85.75
HT64DPSA-DBlU,1100 STX DI (00-02) / All STX (01-19),131.95,85.75
HT64DPSA-DKGR,1100 STX DI (00-02) / All STX (01-19),131.95,85.75
HT64DPSA-Gray,1100 STX DI (00-02) / All STX (01-19),131.95,85.75
HT64DPSA-GRCA,1100 STX DI (00-02) / All STX (01-19),131.95,85.75
HT64DPSA-LG,1100 STX DI (00-02) / All STX (01-19),131.95,85.75
HT64DPSA-LGCA,1100 STX DI (00-02) / All STX (01-19),131.95,85.75
HT64DPSA-LTBLU,1100 STX DI (00-02) / All STX (01-19),131.95,85.75
HT64DPSA-ORAN,1100 STX DI (00-02) / All STX (01-19),131.95,85.75
HT64DPSA-PINK,1100 STX DI (00-02) / All STX (01-19),131.95,85.75
HT64DPSA-PLMA,1100 STX DI (00-02) / All STX (01-19),131.95,85.75
HT64DPSA-PRPL,1100 STX DI (00-02) / All STX (01-19),131.95,85.75
HT64DPSA-RBLU,1100 STX DI (00-02) / All STX (01-19),131.95,85.75
HT64DPSA-RDCA,1100 STX DI (00-02) / All STX (01-19),131.95,85.75
HT64DPSA-RED,1100 STX DI (00-02) / All STX (01-19),131.95,85.75
HT64DPSA-RLMA,1100 STX DI (00-02) / All STX (01-19),131.95,85.75
HT64DPSA-SNCA,1100 STX DI (00-02) / All STX (01-19),131.95,85.75
HT64DPSA-WHT,1100 STX DI (00-02) / All STX (01-19),131.95,85.75
HT64DPSA-Yell,1100 STX DI (00-02) / All STX (01-19),131.95,85.75
HT64DPSA-YLCA,1100 STX DI (00-02) / All STX (01-19),131.95,85.75
HT64GPSA-BLCA,1100 STX DI (00-02) / All STX (01-19),131.95,85.75
HT64GPSA-BLK,1100 STX DI (00-02) / All STX (01-19),131.95,85.75
HT64GPSA-BLMA,1100 STX DI (00-02) / All STX (01-19),131.95,85.75
HT64GPSA-DBlU,1100 STX DI (00-02) / All STX (01-19),131.95,85.75
HT64GPSA-DKGR,1100 STX DI (00-02) / All STX (01-19),131.95,85.75
HT64GPSA-Gray,1100 STX DI (00-02) / All STX (01-19),131.95,85.75
HT64GPSA-GRCA,1100 STX DI (00-02) / All STX (01-19),131.95,85.75
HT64GPSA-LG,1100 STX DI (00-02) / All STX (01-19),131.95,85.75
HT64GPSA-LGCA,1100 STX DI (00-02) / All STX (01-19),131.95,85.75
HT64GPSA-LTBLU,1100 STX DI (00-02) / All STX (01-19),131.95,85.75
HT64GPSA-ORAN,1100 STX DI (00-02) / All STX (01-19),131.95,85.75
HT64GPSA-PINK,1100 STX DI (00-02) / All STX (01-19),131.95,85.75
HT64GPSA-PLMA,1100 STX DI (00-02) / All STX (01-19),131.95,85.75
HT64GPSA-PRPL,1100 STX DI (00-02) / All STX (01-19),131.95,85.75
HT64GPSA-RBLU,1100 STX DI (00-02) / All STX (01-19),131.95,85.75
HT64GPSA-RDCA,1100 STX DI (00-02) / All STX (01-19),131.95,85.75
HT64GPSA-RED,1100 STX DI (00-02) / All STX (01-19),131.95,85.75
HT64GPSA-RLMA,1100 STX DI (00-02) / All STX (01-19),131.95,85.75
HT64GPSA-SNCA,1100 STX DI (00-02) / All STX (01-19),131.95,85.75
HT64GPSA-WHT,1100 STX DI (00-02) / All STX (01-19),131.95,85.75
HT64GPSA-Yell,1100 STX DI (00-02) / All STX (01-19),131.95,85.75
HT64GPSA-YLCA,1100 STX DI (00-02) / All STX (01-19),131.95,85.75
HT64MDPSA-BLK,1100 STX DI (00-02) / All STX (01-19),131.95,85.75
HT64MDPSA-DKGR,1100 STX DI (00-02) / All STX (01-19),131.95,85.75
HT64MDPSA-Gray,1100 STX DI (00-02) / All STX (01-19),131.95,85.75
HT64MDPSA-LG,1100 STX DI (00-02) / All STX (01-19),131.95,85.75
HT64MDPSA-RBLU,1100 STX DI (00-02) / All STX (01-19),131.95,85.75
HT64MDPSA-RED,1100 STX DI (00-02) / All STX (01-19),131.95,85.75
HT64MDPSA-WHT,1100 STX DI (00-02) / All STX (01-19),131.95,85.75
HT65-2TDPSA-BLK-BLU,650 SX,103.95,67.55
HT65-2TDPSA-BLK-DKGR,650 SX,103.95,67.55
HT65-2TDPSA-BLK-GRA,650 SX,103.95,67.55
HT65-2TDPSA-BLK-LG,650 SX,103.95,67.55
HT65-2TDPSA-BLK-ORAN,650 SX,103.95,67.55
HT65-2TDPSA-BLK-PINK,650 SX,103.95,67.55
HT65-2TDPSA-BLK-RED,650 SX,103.95,67.55
HT65-2TDPSA-BLK-WHT,650 SX,103.95,67.55
HT65-2TDPSA-BLK-YELL,650 SX,103.95,67.55
HT65-2TDPSA-BLU-BLK,650 SX,103.95,67.55
HT65-2TDPSA-DKG-BLK,650 SX,103.95,67.55
HT65-2TDPSA-GRA-BLK,650 SX,103.95,67.55
HT65-2TDPSA-LG-BLK,650 SX,103.95,67.55
HT65-2TDPSA-RED-BLK,650 SX,103.95,67.55
HT65-2TGPSA-BLK-BLU,650 SX,103.95,67.55
HT65-2TGPSA-BLK-DKGR,650 SX,103.95,67.55
HT65-2TGPSA-BLK-GRA,650 SX,103.95,67.55
HT65-2TGPSA-BLK-LG,650 SX,103.95,67.55
HT65-2TGPSA-BLK-ORAN,650 SX,103.95,67.55
HT65-2TGPSA-BLK-PINK,650 SX,103.95,67.55
HT65-2TGPSA-BLK-RED,650 SX,103.95,67.55
HT65-2TGPSA-BLK-WHT,650 SX,103.95,67.55
HT65-2TGPSA-BLK-YELL,650 SX,103.95,67.55
HT65-2TGPSA-BLU-BLK,650 SX,103.95,67.55
HT65-2TGPSA-DKG-BLK,650 SX,103.95,67.55
HT65-2TGPSA-GRA-BLK,650 SX,103.95,67.55
HT65-2TGPSA-LG-BLK,650 SX,103.95,67.55
HT65-2TGPSA-RED-BLK,650 SX,103.95,67.55
HT65DPSA-BLCA,650 SX,89.95,58.45
HT65DPSA-BLK,650 SX,89.95,58.45
HT65DPSA-BLMA,650 SX,89.95,58.45
HT65DPSA-DBlU,650 SX,89.95,58.45
HT65DPSA-DKGR,650 SX,89.95,58.45
HT65DPSA-Gray,650 SX,89.95,58.45
HT65DPSA-GRCA,650 SX,89.95,58.45
HT65DPSA-LG,650 SX,89.95,58.45
HT65DPSA-LGCA,650 SX,89.95,58.45
HT65DPSA-LTBLU,650 SX,89.95,58.45
HT65DPSA-ORAN,650 SX,89.95,58.45
HT65DPSA-PINK,650 SX,89.95,58.45
HT65DPSA-PLMA,650 SX,89.95,58.45
HT65DPSA-PRPL,650 SX,89.95,58.45
HT65DPSA-RBLU,650 SX,89.95,58.45
HT65DPSA-RDCA,650 SX,89.95,58.45
HT65DPSA-RED,650 SX,89.95,58.45
HT65DPSA-RLMA,650 SX,89.95,58.45
HT65DPSA-SNCA,650 SX,89.95,58.45
HT65DPSA-WHT,650 SX,89.95,58.45
HT65DPSA-Yell,650 SX,89.95,58.45
HT65DPSA-YLCA,650 SX,89.95,58.45
HT65GPSA-BLCA,650 SX,89.95,58.45
HT65GPSA-BLK,650 SX,89.95,58.45
HT65GPSA-BLMA,650 SX,89.95,58.45
HT65GPSA-DBlU,650 SX,89.95,58.45
HT65GPSA-DKGR,650 SX,89.95,58.45
HT65GPSA-Gray,650 SX,89.95,58.45
HT65GPSA-GRCA,650 SX,89.95,58.45
HT65GPSA-LG,650 SX,89.95,58.45
HT65GPSA-LGCA,650 SX,89.95,58.45
HT65GPSA-LTBLU,650 SX,89.95,58.45
HT65GPSA-ORAN,650 SX,89.95,58.45
HT65GPSA-PINK,650 SX,89.95,58.45
HT65GPSA-PLMA,650 SX,89.95,58.45
HT65GPSA-PRPL,650 SX,89.95,58.45
HT65GPSA-RBLU,650 SX,89.95,58.45
HT65GPSA-RDCA,650 SX,89.95,58.45
HT65GPSA-RED,650 SX,89.95,58.45
HT65GPSA-RLMA,650 SX,89.95,58.45
HT65GPSA-SNCA,650 SX,89.95,58.45
HT65GPSA-WHT,650 SX,89.95,58.45
HT65GPSA-Yell,650 SX,89.95,58.45
HT65GPSA-YLCA,650 SX,89.95,58.45
HT65MDPSA-BLK,650 SX,89.95,58.45
HT65MDPSA-DKGR,650 SX,89.95,58.45
HT65MDPSA-Gray,650 SX,89.95,58.45
HT65MDPSA-LG,650 SX,89.95,58.45
HT65MDPSA-RBLU,650 SX,89.95,58.45
HT65MDPSA-RED,650 SX,89.95,58.45
HT65MDPSA-WHT,650 SX,89.95,58.45
HT66-2TDPSA-BLK-BLU,750 SS / Xi / XiR,158.95,103.3
HT66-2TDPSA-BLK-DKGR,750 SS / Xi / XiR,158.95,103.3
HT66-2TDPSA-BLK-GRA,750 SS / Xi / XiR,158.95,103.3
HT66-2TDPSA-BLK-LG,750 SS / Xi / XiR,158.95,103.3
HT66-2TDPSA-BLK-ORAN,750 SS / Xi / XiR,158.95,103.3
HT66-2TDPSA-BLK-PINK,750 SS / Xi / XiR,158.95,103.3
HT66-2TDPSA-BLK-RED,750 SS / Xi / XiR,158.95,103.3
HT66-2TDPSA-BLK-WHT,750 SS / Xi / XiR,158.95,103.3
HT66-2TDPSA-BLK-YELL,750 SS / Xi / XiR,158.95,103.3
HT66-2TDPSA-BLU-BLK,750 SS / Xi / XiR,158.95,103.3
HT66-2TDPSA-DKG-BLK,750 SS / Xi / XiR,158.95,103.3
HT66-2TDPSA-GRA-BLK,750 SS / Xi / XiR,158.95,103.3
HT66-2TDPSA-LG-BLK,750 SS / Xi / XiR,158.95,103.3
HT66-2TDPSA-RED-BLK,750 SS / Xi / XiR,158.95,103.3
HT66-2TGPSA-BLK-BLU,750 SS / Xi / XiR,158.95,103.3
HT66-2TGPSA-BLK-DKGR,750 SS / Xi / XiR,158.95,103.3
HT66-2TGPSA-BLK-GRA,750 SS / Xi / XiR,158.95,103.3
HT66-2TGPSA-BLK-LG,750 SS / Xi / XiR,158.95,103.3
HT66-2TGPSA-BLK-ORAN,750 SS / Xi / XiR,158.95,103.3
HT66-2TGPSA-BLK-PINK,750 SS / Xi / XiR,158.95,103.3
HT66-2TGPSA-BLK-RED,750 SS / Xi / XiR,158.95,103.3
HT66-2TGPSA-BLK-WHT,750 SS / Xi / XiR,158.95,103.3
HT66-2TGPSA-BLK-YELL,750 SS / Xi / XiR,158.95,103.3
HT66-2TGPSA-BLU-BLK,750 SS / Xi / XiR,158.95,103.3
HT66-2TGPSA-DKG-BLK,750 SS / Xi / XiR,158.95,103.3
HT66-2TGPSA-GRA-BLK,750 SS / Xi / XiR,158.95,103.3
HT66-2TGPSA-LG-BLK,750 SS / Xi / XiR,158.95,103.3
HT66-2TGPSA-RED-BLK,750 SS / Xi / XiR,158.95,103.3
HT66DPSA-BLCA,750 SS / Xi / XiR,131.95,85.75
HT66DPSA-BLK,750 SS / Xi / XiR,131.95,85.75
HT66DPSA-BLMA,750 SS / Xi / XiR,131.95,85.75
HT66DPSA-DBlU,750 SS / Xi / XiR,131.95,85.75
HT66DPSA-DKGR,750 SS / Xi / XiR,131.95,85.75
HT66DPSA-Gray,750 SS / Xi / XiR,131.95,85.75
HT66DPSA-GRCA,750 SS / Xi / XiR,131.95,85.75
HT66DPSA-LG,750 SS / Xi / XiR,131.95,85.75
HT66DPSA-LGCA,750 SS / Xi / XiR,131.95,85.75
HT66DPSA-LTBLU,750 SS / Xi / XiR,131.95,85.75
HT66DPSA-ORAN,750 SS / Xi / XiR,131.95,85.75
HT66DPSA-PINK,750 SS / Xi / XiR,131.95,85.75
HT66DPSA-PLMA,750 SS / Xi / XiR,131.95,85.75
HT66DPSA-PRPL,750 SS / Xi / XiR,131.95,85.75
HT66DPSA-RBLU,750 SS / Xi / XiR,131.95,85.75
HT66DPSA-RDCA,750 SS / Xi / XiR,131.95,85.75
HT66DPSA-RED,750 SS / Xi / XiR,131.95,85.75
HT66DPSA-RLMA,750 SS / Xi / XiR,131.95,85.75
HT66DPSA-SNCA,750 SS / Xi / XiR,131.95,85.75
HT66DPSA-WHT,750 SS / Xi / XiR,131.95,85.75
HT66DPSA-Yell,750 SS / Xi / XiR,131.95,85.75
HT66DPSA-YLCA,750 SS / Xi / XiR,131.95,85.75
HT66GPSA-BLCA,750 SS / Xi / XiR,131.95,85.75
HT66GPSA-BLK,750 SS / Xi / XiR,131.95,85.75
HT66GPSA-BLMA,750 SS / Xi / XiR,131.95,85.75
HT66GPSA-DBlU,750 SS / Xi / XiR,131.95,85.75
HT66GPSA-DKGR,750 SS / Xi / XiR,131.95,85.75
HT66GPSA-Gray,750 SS / Xi / XiR,131.95,85.75
HT66GPSA-GRCA,750 SS / Xi / XiR,131.95,85.75
HT66GPSA-LG,750 SS / Xi / XiR,131.95,85.75
HT66GPSA-LGCA,750 SS / Xi / XiR,131.95,85.75
HT66GPSA-LTBLU,750 SS / Xi / XiR,131.95,85.75
HT66GPSA-ORAN,750 SS / Xi / XiR,131.95,85.75
HT66GPSA-PINK,750 SS / Xi / XiR,131.95,85.75
HT66GPSA-PLMA,750 SS / Xi / XiR,131.95,85.75
HT66GPSA-PRPL,750 SS / Xi / XiR,131.95,85.75
HT66GPSA-RBLU,750 SS / Xi / XiR,131.95,85.75
HT66GPSA-RDCA,750 SS / Xi / XiR,131.95,85.75
HT66GPSA-RED,750 SS / Xi / XiR,131.95,85.75
HT66GPSA-RLMA,750 SS / Xi / XiR,131.95,85.75
HT66GPSA-SNCA,750 SS / Xi / XiR,131.95,85.75
HT66GPSA-WHT,750 SS / Xi / XiR,131.95,85.75
HT66GPSA-Yell,750 SS / Xi / XiR,131.95,85.75
HT66GPSA-YLCA,750 SS / Xi / XiR,131.95,85.75
HT66MDPSA-BLK,750 SS / Xi / XiR,131.95,85.75
HT66MDPSA-DKGR,750 SS / Xi / XiR,131.95,85.75
HT66MDPSA-Gray,750 SS / Xi / XiR,131.95,85.75
HT66MDPSA-LG,750 SS / Xi / XiR,131.95,85.75
HT66MDPSA-RBLU,750 SS / Xi / XiR,131.95,85.75
HT66MDPSA-RED,750 SS / Xi / XiR,131.95,85.75
HT66MDPSA-WHT,750 SS / Xi / XiR,131.95,85.75
HT67-2TDPSA-BLK-BLU,750 SX / SXi,103.95,67.55
HT67-2TDPSA-BLK-DKGR,750 SX / SXi,103.95,67.55
HT67-2TDPSA-BLK-GRA,750 SX / SXi,103.95,67.55
HT67-2TDPSA-BLK-LG,750 SX / SXi,103.95,67.55
HT67-2TDPSA-BLK-ORAN,750 SX / SXi,103.95,67.55
HT67-2TDPSA-BLK-PINK,750 SX / SXi,103.95,67.55
HT67-2TDPSA-BLK-RED,750 SX / SXi,103.95,67.55
HT67-2TDPSA-BLK-WHT,750 SX / SXi,103.95,67.55
HT67-2TDPSA-BLK-YELL,750 SX / SXi,103.95,67.55
HT67-2TDPSA-BLU-BLK,750 SX / SXi,103.95,67.55
HT67-2TDPSA-DKG-BLK,750 SX / SXi,103.95,67.55
HT67-2TDPSA-GRA-BLK,750 SX / SXi,103.95,67.55
HT67-2TDPSA-LG-BLK,750 SX / SXi,103.95,67.55
HT67-2TDPSA-RED-BLK,750 SX / SXi,103.95,67.55
HT67-2TGPSA-BLK-BLU,750 SX / SXi,103.95,67.55
HT67-2TGPSA-BLK-DKGR,750 SX / SXi,103.95,67.55
HT67-2TGPSA-BLK-GRA,750 SX / SXi,103.95,67.55
HT67-2TGPSA-BLK-LG,750 SX / SXi,103.95,67.55
HT67-2TGPSA-BLK-ORAN,750 SX / SXi,103.95,67.55
HT67-2TGPSA-BLK-PINK,750 SX / SXi,103.95,67.55
HT67-2TGPSA-BLK-RED,750 SX / SXi,103.95,67.55
HT67-2TGPSA-BLK-WHT,750 SX / SXi,103.95,67.55
HT67-2TGPSA-BLK-YELL,750 SX / SXi,103.95,67.55
HT67-2TGPSA-BLU-BLK,750 SX / SXi,103.95,67.55
HT67-2TGPSA-DKG-BLK,750 SX / SXi,103.95,67.55
HT67-2TGPSA-GRA-BLK,750 SX / SXi,103.95,67.55
HT67-2TGPSA-LG-BLK,750 SX / SXi,103.95,67.55
HT67-2TGPSA-RED-BLK,750 SX / SXi,103.95,67.55
HT67DPSA-BLCA,750 SX / SXi,89.95,58.45
HT67DPSA-BLK,750 SX / SXi,89.95,58.45
HT67DPSA-BLMA,750 SX / SXi,89.95,58.45
HT67DPSA-DBlU,750 SX / SXi,89.95,58.45
HT67DPSA-DKGR,750 SX / SXi,89.95,58.45
HT67DPSA-Gray,750 SX / SXi,89.95,58.45
HT67DPSA-GRCA,750 SX / SXi,89.95,58.45
HT67DPSA-LG,750 SX / SXi,89.95,58.45
HT67DPSA-LGCA,750 SX / SXi,89.95,58.45
HT67DPSA-LTBLU,750 SX / SXi,89.95,58.45
HT67DPSA-ORAN,750 SX / SXi,89.95,58.45
HT67DPSA-PINK,750 SX / SXi,89.95,58.45
HT67DPSA-PLMA,750 SX / SXi,89.95,58.45
HT67DPSA-PRPL,750 SX / SXi,89.95,58.45
HT67DPSA-RBLU,750 SX / SXi,89.95,58.45
HT67DPSA-RDCA,750 SX / SXi,89.95,58.45
HT67DPSA-RED,750 SX / SXi,89.95,58.45
HT67DPSA-RLMA,750 SX / SXi,89.95,58.45
HT67DPSA-SNCA,750 SX / SXi,89.95,58.45
HT67DPSA-WHT,750 SX / SXi,89.95,58.45
HT67DPSA-Yell,750 SX / SXi,89.95,58.45
HT67DPSA-YLCA,750 SX / SXi,89.95,58.45
HT67GPSA-BLCA,750 SX / SXi,89.95,58.45
HT67GPSA-BLK,750 SX / SXi,89.95,58.45
HT67GPSA-BLMA,750 SX / SXi,89.95,58.45
HT67GPSA-DBlU,750 SX / SXi,89.95,58.45
HT67GPSA-DKGR,750 SX / SXi,89.95,58.45
HT67GPSA-Gray,750 SX / SXi,89.95,58.45
HT67GPSA-GRCA,750 SX / SXi,89.95,58.45
HT67GPSA-LG,750 SX / SXi,89.95,58.45
HT67GPSA-LGCA,750 SX / SXi,89.95,58.45
HT67GPSA-LTBLU,750 SX / SXi,89.95,58.45
HT67GPSA-ORAN,750 SX / SXi,89.95,58.45
HT67GPSA-PINK,750 SX / SXi,89.95,58.45
HT67GPSA-PLMA,750 SX / SXi,89.95,58.45
HT67GPSA-PRPL,750 SX / SXi,89.95,58.45
HT67GPSA-RBLU,750 SX / SXi,89.95,58.45
HT67GPSA-RDCA,750 SX / SXi,89.95,58.45
HT67GPSA-RED,750 SX / SXi,89.95,58.45
HT67GPSA-RLMA,750 SX / SXi,89.95,58.45
HT67GPSA-SNCA,750 SX / SXi,89.95,58.45
HT67GPSA-WHT,750 SX / SXi,89.95,58.45
HT67GPSA-Yell,750 SX / SXi,89.95,58.45
HT67GPSA-YLCA,750 SX / SXi,89.95,58.45
HT67MDPSA-BLK,750 SX / SXi,89.95,58.45
HT67MDPSA-DKGR,750 SX / SXi,89.95,58.45
HT67MDPSA-Gray,750 SX / SXi,89.95,58.45
HT67MDPSA-LG,750 SX / SXi,89.95,58.45
HT67MDPSA-RBLU,750 SX / SXi,89.95,58.45
HT67MDPSA-RED,750 SX / SXi,89.95,58.45
HT67MDPSA-WHT,750 SX / SXi,89.95,58.45
HT681-2TDPSA-BLK-BLU,SX-R (17-20),158.95,103.3
HT681-2TDPSA-BLK-DKG,SX-R (17-20),158.95,103.3
HT681-2TDPSA-BLK-GRA,SX-R (17-20),158.95,103.3
HT681-2TDPSA-BLK-LG,SX-R (17-20),158.95,103.3
HT681-2TDPSA-BLK-ORA,SX-R (17-20),158.95,103.3
HT681-2TDPSA-BLK-PIN,SX-R (17-20),158.95,103.3
HT681-2TDPSA-BLK-RED,SX-R (17-20),158.95,103.3
HT681-2TDPSA-BLK-WHT,SX-R (17-20),158.95,103.3
HT681-2TDPSA-BLK-YL,SX-R (17-20),158.95,103.3
HT681-2TDPSA-BLU-BLK,SX-R (17-20),158.95,103.3
HT681-2TDPSA-DKG-BLK,SX-R (17-20),158.95,103.3
HT681-2TDPSA-GRA-BLK,SX-R (17-20),158.95,103.3
HT681-2TDPSA-LG-BLK,SX-R (17-20),158.95,103.3
HT681-2TDPSA-RED-BLK,SX-R (17-20),158.95,103.3
HT681-2TGPSA-BLK-BLU,SX-R (17-20),158.95,103.3
HT681-2TGPSA-BLK-DKG,SX-R (17-20),158.95,103.3
HT681-2TGPSA-BLK-GRA,SX-R (17-20),158.95,103.3
HT681-2TGPSA-BLK-LG,SX-R (17-20),158.95,103.3
HT681-2TGPSA-BLK-ORA,SX-R (17-20),158.95,103.3
HT681-2TGPSA-BLK-PIN,SX-R (17-20),158.95,103.3
HT681-2TGPSA-BLK-RED,SX-R (17-20),158.95,103.3
HT681-2TGPSA-BLK-WHT,SX-R (17-20),158.95,103.3
HT681-2TGPSA-BLK-YL,SX-R (17-20),158.95,103.3
HT681-2TGPSA-BLU-BLK,SX-R (17-20),158.95,103.3
HT681-2TGPSA-DKG-BLK,SX-R (17-20),158.95,103.3
HT681-2TGPSA-GRA-BLK,SX-R (17-20),158.95,103.3
HT681-2TGPSA-LG-BLK,SX-R (17-20),158.95,103.3
HT681-2TGPSA-RED-BLK,SX-R (17-20),158.95,103.3
HT681DPSA-BLCA,SX-R (17-20),131.95,85.75
HT681DPSA-BLK,SX-R (17-20),131.95,85.75
HT681DPSA-BLMA,SX-R (17-20),131.95,85.75
HT681DPSA-DBlU,SX-R (17-20),131.95,85.75
HT681DPSA-DKGR,SX-R (17-20),131.95,85.75
HT681DPSA-Gray,SX-R (17-20),131.95,85.75
HT681DPSA-GRCA,SX-R (17-20),131.95,85.75
HT681DPSA-LG,SX-R (17-20),131.95,85.75
HT681DPSA-LGCA,SX-R (17-20),131.95,85.75
HT681DPSA-LTBLU,SX-R (17-20),131.95,85.75
HT681DPSA-ORAN,SX-R (17-20),131.95,85.75
HT681DPSA-PINK,SX-R (17-20),131.95,85.75
HT681DPSA-PLMA,SX-R (17-20),131.95,85.75
HT681DPSA-PRPL,SX-R (17-20),131.95,85.75
HT681DPSA-RBLU,SX-R (17-20),131.95,85.75
HT681DPSA-RDCA,SX-R (17-20),131.95,85.75
HT681DPSA-RED,SX-R (17-20),131.95,85.75
HT681DPSA-RLMA,SX-R (17-20),131.95,85.75
HT681DPSA-SNCA,SX-R (17-20),131.95,85.75
HT681DPSA-WHT,SX-R (17-20),131.95,85.75
HT681DPSA-Yell,SX-R (17-20),131.95,85.75
HT681DPSA-YLCA,SX-R (17-20),131.95,85.75
HT681GPSA-BLCA,SX-R (17-20),131.95,85.75
HT681GPSA-BLK,SX-R (17-20),131.95,85.75
HT681GPSA-BLMA,SX-R (17-20),131.95,85.75
HT681GPSA-DBlU,SX-R (17-20),131.95,85.75
HT681GPSA-DKGR,SX-R (17-20),131.95,85.75
HT681GPSA-Gray,SX-R (17-20),131.95,85.75
HT681GPSA-GRCA,SX-R (17-20),131.95,85.75
HT681GPSA-LG,SX-R (17-20),131.95,85.75
HT681GPSA-LGCA,SX-R (17-20),131.95,85.75
HT681GPSA-LTBLU,SX-R (17-20),131.95,85.75
HT681GPSA-ORAN,SX-R (17-20),131.95,85.75
HT681GPSA-PINK,SX-R (17-20),131.95,85.75
HT681GPSA-PLMA,SX-R (17-20),131.95,85.75
HT681GPSA-PRPL,SX-R (17-20),131.95,85.75
HT681GPSA-RBLU,SX-R (17-20),131.95,85.75
HT681GPSA-RDCA,SX-R (17-20),131.95,85.75
HT681GPSA-RED,SX-R (17-20),131.95,85.75
HT681GPSA-RLMA,SX-R (17-20),131.95,85.75
HT681GPSA-SNCA,SX-R (17-20),131.95,85.75
HT681GPSA-WHT,SX-R (17-20),131.95,85.75
HT681GPSA-Yell,SX-R (17-20),131.95,85.75
HT681GPSA-YLCA,SX-R (17-20),131.95,85.75
HT681K-2TDPSA-BLK-BL,"SX-R (17-20) with 2"" Corner Kicks",201.95,131.25
HT681K-2TDPSA-BLK-DG,"SX-R (17-20) with 2"" Corner Kicks",201.95,131.25
HT681K-2TDPSA-BLK-GR,"SX-R (17-20) with 2"" Corner Kicks",201.95,131.25
HT681K-2TDPSA-BLK-LG,"SX-R (17-20) with 2"" Corner Kicks",201.95,131.25
HT681K-2TDPSA-BLK-OR,"SX-R (17-20) with 2"" Corner Kicks",201.95,131.25
HT681K-2TDPSA-BLK-PK,"SX-R (17-20) with 2"" Corner Kicks",201.95,131.25
HT681K-2TDPSA-BLK-RE,"SX-R (17-20) with 2"" Corner Kicks",201.95,131.25
HT681K-2TDPSA-BLK-WH,"SX-R (17-20) with 2"" Corner Kicks",201.95,131.25
HT681K-2TDPSA-BLK-YL,"SX-R (17-20) with 2"" Corner Kicks",201.95,131.25
HT681K-2TDPSA-BLU-BL,"SX-R (17-20) with 2"" Corner Kicks",201.95,131.25
HT681K-2TDPSA-DKG-BL,"SX-R (17-20) with 2"" Corner Kicks",201.95,131.25
HT681K-2TDPSA-GRA-BL,"SX-R (17-20) with 2"" Corner Kicks",201.95,131.25
HT681K-2TDPSA-LG-BLK,"SX-R (17-20) with 2"" Corner Kicks",201.95,131.25
HT681K-2TDPSA-RED-BL,"SX-R (17-20) with 2"" Corner Kicks",201.95,131.25
HT681K-2TGPSA-BLK-BL,"SX-R (17-20) with 2"" Corner Kicks",201.95,131.25
HT681K-2TGPSA-BLK-DG,"SX-R (17-20) with 2"" Corner Kicks",201.95,131.25
HT681K-2TGPSA-BLK-GR,"SX-R (17-20) with 2"" Corner Kicks",201.95,131.25
HT681K-2TGPSA-BLK-LG,"SX-R (17-20) with 2"" Corner Kicks",201.95,131.25
HT681K-2TGPSA-BLK-OR,"SX-R (17-20) with 2"" Corner Kicks",201.95,131.25
HT681K-2TGPSA-BLK-PI,"SX-R (17-20) with 2"" Corner Kicks",201.95,131.25
HT681K-2TGPSA-BLK-RE,"SX-R (17-20) with 2"" Corner Kicks",201.95,131.25
HT681K-2TGPSA-BLK-WH,"SX-R (17-20) with 2"" Corner Kicks",201.95,131.25
HT681K-2TGPSA-BLK-YL,"SX-R (17-20) with 2"" Corner Kicks",201.95,131.25
HT681K-2TGPSA-BLU-BL,"SX-R (17-20) with 2"" Corner Kicks",201.95,131.25
HT681K-2TGPSA-DKG-BL,"SX-R (17-20) with 2"" Corner Kicks",201.95,131.25
HT681K-2TGPSA-GRA-BL,"SX-R (17-20) with 2"" Corner Kicks",201.95,131.25
HT681K-2TGPSA-LG-BLK,"SX-R (17-20) with 2"" Corner Kicks",201.95,131.25
HT681K-2TGPSA-RED-BL,"SX-R (17-20) with 2"" Corner Kicks",201.95,131.25
HT681KDPSA-BLCA,"SX-R (17-20) with 2"" Corner Kicks",173.95,113.05
HT681KDPSA-BLK,"SX-R (17-20) with 2"" Corner Kicks",131.95,85.75
HT681KDPSA-BLMA,"SX-R (17-20) with 2"" Corner Kicks",173.95,113.05
HT681KDPSA-DBlU,"SX-R (17-20) with 2"" Corner Kicks",173.95,113.05
HT681KDPSA-DKGR,"SX-R (17-20) with 2"" Corner Kicks",173.95,113.05
HT681KDPSA-Gray,"SX-R (17-20) with 2"" Corner Kicks",173.95,113.05
HT681KDPSA-GRCA,"SX-R (17-20) with 2"" Corner Kicks",173.95,113.05
HT681KDPSA-LG,"SX-R (17-20) with 2"" Corner Kicks",173.95,113.05
HT681KDPSA-LGCA,"SX-R (17-20) with 2"" Corner Kicks",173.95,113.05
HT681KDPSA-LTBLU,"SX-R (17-20) with 2"" Corner Kicks",173.95,113.05
HT681KDPSA-ORAN,"SX-R (17-20) with 2"" Corner Kicks",173.95,113.05
HT681KDPSA-PINK,"SX-R (17-20) with 2"" Corner Kicks",173.95,113.05
HT681KDPSA-PLMA,"SX-R (17-20) with 2"" Corner Kicks",173.95,113.05
HT681KDPSA-PRPL,"SX-R (17-20) with 2"" Corner Kicks",173.95,113.05
HT681KDPSA-RBLU,"SX-R (17-20) with 2"" Corner Kicks",173.95,113.05
HT681KDPSA-RDCA,"SX-R (17-20) with 2"" Corner Kicks",173.95,113.05
HT681KDPSA-RED,"SX-R (17-20) with 2"" Corner Kicks",173.95,113.05
HT681KDPSA-RLMA,"SX-R (17-20) with 2"" Corner Kicks",173.95,113.05
HT681KDPSA-SNCA,"SX-R (17-20) with 2"" Corner Kicks",173.95,113.05
HT681KDPSA-WHT,"SX-R (17-20) with 2"" Corner Kicks",173.95,113.05
HT681KDPSA-Yell,"SX-R (17-20) with 2"" Corner Kicks",173.95,113.05
HT681KDPSA-YLCA,"SX-R (17-20) with 2"" Corner Kicks",173.95,113.05
HT681KGPSA-BLCA,"SX-R (17-20) with 2"" Corner Kicks",173.95,113.05
HT681KGPSA-BLK,"SX-R (17-20) with 2"" Corner Kicks",173.95,113.05
HT681KGPSA-BLMA,"SX-R (17-20) with 2"" Corner Kicks",173.95,113.05
HT681KGPSA-DBlU,"SX-R (17-20) with 2"" Corner Kicks",173.95,113.05
HT681KGPSA-DKGR,"SX-R (17-20) with 2"" Corner Kicks",173.95,113.05
HT681KGPSA-Gray,"SX-R (17-20) with 2"" Corner Kicks",173.95,113.05
HT681KGPSA-GRCA,"SX-R (17-20) with 2"" Corner Kicks",173.95,113.05
HT681KGPSA-LG,"SX-R (17-20) with 2"" Corner Kicks",173.95,113.05
HT681KGPSA-LGCA,"SX-R (17-20) with 2"" Corner Kicks",173.95,113.05
HT681KGPSA-LTBLU,"SX-R (17-20) with 2"" Corner Kicks",173.95,113.05
HT681KGPSA-ORAN,"SX-R (17-20) with 2"" Corner Kicks",173.95,113.05
HT681KGPSA-PINK,"SX-R (17-20) with 2"" Corner Kicks",173.95,113.05
HT681KGPSA-PLMA,"SX-R (17-20) with 2"" Corner Kicks",173.95,113.05
HT681KGPSA-PRPL,"SX-R (17-20) with 2"" Corner Kicks",173.95,113.05
HT681KGPSA-RBLU,"SX-R (17-20) with 2"" Corner Kicks",173.95,113.05
HT681KGPSA-RDCA,"SX-R (17-20) with 2"" Corner Kicks",173.95,113.05
HT681KGPSA-RED,"SX-R (17-20) with 2"" Corner Kicks",173.95,113.05
HT681KGPSA-RLMA,"SX-R (17-20) with 2"" Corner Kicks",173.95,113.05
HT681KGPSA-SNCA,"SX-R (17-20) with 2"" Corner Kicks",173.95,113.05
HT681KGPSA-WHT,"SX-R (17-20) with 2"" Corner Kicks",173.95,113.05
HT681KGPSA-Yell,"SX-R (17-20) with 2"" Corner Kicks",173.95,113.05
HT681KGPSA-YLCA,"SX-R (17-20) with 2"" Corner Kicks",173.95,113.05
HT681K-MDPSA-BLK,"SX-R (17-20) with 2"" Corner Kicks",173.95,113.05
HT681K-MDPSA-DKGR,"SX-R (17-20) with 2"" Corner Kicks",173.95,113.05
HT681K-MDPSA-Gray,"SX-R (17-20) with 2"" Corner Kicks",173.95,113.05
HT681K-MDPSA-LG,"SX-R (17-20) with 2"" Corner Kicks",173.95,113.05
HT681K-MDPSA-RBLU,"SX-R (17-20) with 2"" Corner Kicks",173.95,113.05
HT681K-MDPSA-RED,"SX-R (17-20) with 2"" Corner Kicks",173.95,113.05
HT681K-MDPSA-WHT,"SX-R (17-20) with 2"" Corner Kicks",173.95,113.05
HT681MDPSA-BLK,SX-R (17-20),131.95,85.75
HT681MDPSA-DKGR,SX-R (17-20),131.95,85.75
HT681MDPSA-Gray,SX-R (17-20),131.95,85.75
HT681MDPSA-LG,SX-R (17-20),131.95,85.75
HT681MDPSA-RBLU,SX-R (17-20),131.95,85.75
HT681MDPSA-RED,SX-R (17-20),131.95,85.75
HT681MDPSA-WHT,SX-R (17-20),131.95,85.75
HT68-2TDPSA-BLK-BLU,800 SX-R,158.95,103.3
HT68-2TDPSA-BLK-DKGR,800 SX-R,158.95,103.3
HT68-2TDPSA-BLK-GRA,800 SX-R,158.95,103.3
HT68-2TDPSA-BLK-LG,800 SX-R,158.95,103.3
HT68-2TDPSA-BLK-ORAN,800 SX-R,158.95,103.3
HT68-2TDPSA-BLK-PINK,800 SX-R,158.95,103.3
HT68-2TDPSA-BLK-RED,800 SX-R,158.95,103.3
HT68-2TDPSA-BLK-WHT,800 SX-R,158.95,103.3
HT68-2TDPSA-BLK-YELL,800 SX-R,158.95,103.3
HT68-2TDPSA-BLU-BLK,800 SX-R,158.95,103.3
HT68-2TDPSA-DKG-BLK,800 SX-R,158.95,103.3
HT68-2TDPSA-GRA-BLK,800 SX-R,158.95,103.3
HT68-2TDPSA-LG-BLK,800 SX-R,158.95,103.3
HT68-2TDPSA-RED-BLK,800 SX-R,158.95,103.3
HT68-2TGPSA-BLK-BLU,800 SX-R,158.95,103.3
HT68-2TGPSA-BLK-DKGR,800 SX-R,158.95,103.3
HT68-2TGPSA-BLK-GRA,800 SX-R,158.95,103.3
HT68-2TGPSA-BLK-LG,800 SX-R,158.95,103.3
HT68-2TGPSA-BLK-ORAN,800 SX-R,158.95,103.3
HT68-2TGPSA-BLK-PINK,800 SX-R,158.95,103.3
HT68-2TGPSA-BLK-RED,800 SX-R,158.95,103.3
HT68-2TGPSA-BLK-WHT,800 SX-R,158.95,103.3
HT68-2TGPSA-BLK-YELL,800 SX-R,158.95,103.3
HT68-2TGPSA-BLU-BLK,800 SX-R,158.95,103.3
HT68-2TGPSA-DKG-BLK,800 SX-R,158.95,103.3
HT68-2TGPSA-GRA-BLK,800 SX-R,158.95,103.3
HT68-2TGPSA-LG-BLK,800 SX-R,158.95,103.3
HT68-2TGPSA-RED-BLK,800 SX-R,158.95,103.3
HT68DPSA-BLCA,800 SX-R,131.95,85.75
HT68DPSA-BLK,800 SX-R,131.95,85.75
HT68DPSA-BLMA,800 SX-R,131.95,85.75
HT68DPSA-DBlU,800 SX-R,131.95,85.75
HT68DPSA-DKGR,800 SX-R,131.95,85.75
HT68DPSA-Gray,800 SX-R,131.95,85.75
HT68DPSA-GRCA,800 SX-R,131.95,85.75
HT68DPSA-LG,800 SX-R,131.95,85.75
HT68DPSA-LGCA,800 SX-R,131.95,85.75
HT68DPSA-LTBLU,800 SX-R,131.95,85.75
HT68DPSA-ORAN,800 SX-R,131.95,85.75
HT68DPSA-PINK,800 SX-R,131.95,85.75
HT68DPSA-PLMA,800 SX-R,131.95,85.75
HT68DPSA-PRPL,800 SX-R,131.95,85.75
HT68DPSA-RBLU,800 SX-R,131.95,85.75
HT68DPSA-RDCA,800 SX-R,131.95,85.75
HT68DPSA-RED,800 SX-R,131.95,85.75
HT68DPSA-RLMA,800 SX-R,131.95,85.75
HT68DPSA-SNCA,800 SX-R,131.95,85.75
HT68DPSA-WHT,800 SX-R,131.95,85.75
HT68DPSA-Yell,800 SX-R,131.95,85.75
HT68DPSA-YLCA,800 SX-R,131.95,85.75
HT68GPSA-BLCA,800 SX-R,131.95,85.75
HT68GPSA-BLK,800 SX-R,131.95,85.75
HT68GPSA-BLMA,800 SX-R,131.95,85.75
HT68GPSA-DBlU,800 SX-R,131.95,85.75
HT68GPSA-DKGR,800 SX-R,131.95,85.75
HT68GPSA-Gray,800 SX-R,131.95,85.75
HT68GPSA-GRCA,800 SX-R,131.95,85.75
HT68GPSA-LG,800 SX-R,131.95,85.75
HT68GPSA-LGCA,800 SX-R,131.95,85.75
HT68GPSA-LTBLU,800 SX-R,131.95,85.75
HT68GPSA-ORAN,800 SX-R,131.95,85.75
HT68GPSA-PINK,800 SX-R,131.95,85.75
HT68GPSA-PLMA,800 SX-R,131.95,85.75
HT68GPSA-PRPL,800 SX-R,131.95,85.75
HT68GPSA-RBLU,800 SX-R,131.95,85.75
HT68GPSA-RDCA,800 SX-R,131.95,85.75
HT68GPSA-RED,800 SX-R,131.95,85.75
HT68GPSA-RLMA,800 SX-R,131.95,85.75
HT68GPSA-SNCA,800 SX-R,131.95,85.75
HT68GPSA-WHT,800 SX-R,131.95,85.75
HT68GPSA-Yell,800 SX-R,131.95,85.75
HT68GPSA-YLCA,800 SX-R,131.95,85.75
HT68MDPSA-BLK,800 SX-R,158.72,103.15
HT68MDPSA-DKGR,800 SX-R,158.72,103.15
HT68MDPSA-Gray,800 SX-R,158.72,103.15
HT68MDPSA-LG,800 SX-R,158.72,103.15
HT68MDPSA-RBLU,800 SX-R,158.72,103.15
HT68MDPSA-RED,800 SX-R,158.72,103.15
HT68MDPSA-WHT,800 SX-R,158.72,103.15
HT701-2TDPSA-BLK-BLU,"EX, EX Sport, EX Deluxe (17-20) / EXR (19-20)",158.95,103.3
HT701-2TDPSA-BLK-DKG,"EX, EX Sport, EX Deluxe (17-20) / EXR (19-20)",158.95,103.3
HT701-2TDPSA-BLK-GRA,"EX, EX Sport, EX Deluxe (17-20) / EXR (19-20)",158.95,103.3
HT701-2TDPSA-BLK-LG,"EX, EX Sport, EX Deluxe (17-20) / EXR (19-20)",158.95,103.3
HT701-2TDPSA-BLK-ORA,"EX, EX Sport, EX Deluxe (17-20) / EXR (19-20)",158.95,103.3
HT701-2TDPSA-BLK-PIN,"EX, EX Sport, EX Deluxe (17-20) / EXR (19-20)",158.95,103.3
HT701-2TDPSA-BLK-RED,"EX, EX Sport, EX Deluxe (17-20) / EXR (19-20)",158.95,103.3
HT701-2TDPSA-BLK-WHT,"EX, EX Sport, EX Deluxe (17-20) / EXR (19-20)",158.95,103.3
HT701-2TDPSA-BLK-YL,"EX, EX Sport, EX Deluxe (17-20) / EXR (19-20)",158.95,103.3
HT701-2TDPSA-BLU-BLK,"EX, EX Sport, EX Deluxe (17-20) / EXR (19-20)",158.95,103.3
HT701-2TDPSA-DKG-BLK,"EX, EX Sport, EX Deluxe (17-20) / EXR (19-20)",158.95,103.3
HT701-2TDPSA-GRA-BLK,"EX, EX Sport, EX Deluxe (17-20) / EXR (19-20)",158.95,103.3
HT701-2TDPSA-LG-BLK,"EX, EX Sport, EX Deluxe (17-20) / EXR (19-20)",158.95,103.3
HT701-2TDPSA-RED-BLK,"EX, EX Sport, EX Deluxe (17-20) / EXR (19-20)",158.95,103.3
HT701-2TGPSA-BLK-BLU,"EX, EX Sport, EX Deluxe (17-20) / EXR (19-20)",158.95,103.3
HT701-2TGPSA-BLK-DKG,"EX, EX Sport, EX Deluxe (17-20) / EXR (19-20)",158.95,103.3
HT701-2TGPSA-BLK-GRA,"EX, EX Sport, EX Deluxe (17-20) / EXR (19-20)",158.95,103.3
HT701-2TGPSA-BLK-LG,"EX, EX Sport, EX Deluxe (17-20) / EXR (19-20)",158.95,103.3
HT701-2TGPSA-BLK-ORA,"EX, EX Sport, EX Deluxe (17-20) / EXR (19-20)",158.95,103.3
HT701-2TGPSA-BLK-PIN,"EX, EX Sport, EX Deluxe (17-20) / EXR (19-20)",158.95,103.3
HT701-2TGPSA-BLK-RED,"EX, EX Sport, EX Deluxe (17-20) / EXR (19-20)",158.95,103.3
HT701-2TGPSA-BLK-WHT,"EX, EX Sport, EX Deluxe (17-20) / EXR (19-20)",158.95,103.3
HT701-2TGPSA-BLK-YL,"EX, EX Sport, EX Deluxe (17-20) / EXR (19-20)",158.95,103.3
HT701-2TGPSA-BLU-BLK,"EX, EX Sport, EX Deluxe (17-20) / EXR (19-20)",158.95,103.3
HT701-2TGPSA-DKG-BLK,"EX, EX Sport, EX Deluxe (17-20) / EXR (19-20)",158.95,103.3
HT701-2TGPSA-GRA-BLK,"EX, EX Sport, EX Deluxe (17-20) / EXR (19-20)",158.95,103.3
HT701-2TGPSA-LG-BLK,"EX, EX Sport, EX Deluxe (17-20) / EXR (19-20)",158.95,103.3
HT701-2TGPSA-RED-BLK,"EX, EX Sport, EX Deluxe (17-20) / EXR (19-20)",158.95,103.3
HT701DPSA-BLCA,"EX, EX Sport, EX Deluxe (17-20) / EXR (19-20)",131.95,85.75
HT701DPSA-BLK,"EX, EX Sport, EX Deluxe (17-20) / EXR (19-20)",131.95,85.75
HT701DPSA-BLMA,"EX, EX Sport, EX Deluxe (17-20) / EXR (19-20)",131.95,85.75
HT701DPSA-DBlU,"EX, EX Sport, EX Deluxe (17-20) / EXR (19-20)",131.95,85.75
HT701DPSA-DKGR,"EX, EX Sport, EX Deluxe (17-20) / EXR (19-20)",131.95,85.75
HT701DPSA-Gray,"EX, EX Sport, EX Deluxe (17-20) / EXR (19-20)",131.95,85.75
HT701DPSA-GRCA,"EX, EX Sport, EX Deluxe (17-20) / EXR (19-20)",131.95,85.75
HT701DPSA-LG,"EX, EX Sport, EX Deluxe (17-20) / EXR (19-20)",131.95,85.75
HT701DPSA-LGCA,"EX, EX Sport, EX Deluxe (17-20) / EXR (19-20)",131.95,85.75
HT701DPSA-LTBLU,"EX, EX Sport, EX Deluxe (17-20) / EXR (19-20)",131.95,85.75
HT701DPSA-ORAN,"EX, EX Sport, EX Deluxe (17-20) / EXR (19-20)",131.95,85.75
HT701DPSA-PINK,"EX, EX Sport, EX Deluxe (17-20) / EXR (19-20)",131.95,85.75
HT701DPSA-PLMA,"EX, EX Sport, EX Deluxe (17-20) / EXR (19-20)",131.95,85.75
HT701DPSA-PRPL,"EX, EX Sport, EX Deluxe (17-20) / EXR (19-20)",131.95,85.75
HT701DPSA-RBLU,"EX, EX Sport, EX Deluxe (17-20) / EXR (19-20)",131.95,85.75
HT701DPSA-RDCA,"EX, EX Sport, EX Deluxe (17-20) / EXR (19-20)",131.95,85.75
HT701DPSA-RED,"EX, EX Sport, EX Deluxe (17-20) / EXR (19-20)",131.95,85.75
HT701DPSA-RLMA,"EX, EX Sport, EX Deluxe (17-20) / EXR (19-20)",131.95,85.75
HT701DPSA-SNCA,"EX, EX Sport, EX Deluxe (17-20) / EXR (19-20)",131.95,85.75
HT701DPSA-WHT,"EX, EX Sport, EX Deluxe (17-20) / EXR (19-20)",131.95,85.75
HT701DPSA-Yell,"EX, EX Sport, EX Deluxe (17-20) / EXR (19-20)",131.95,85.75
HT701DPSA-YLCA,"EX, EX Sport, EX Deluxe (17-20) / EXR (19-20)",131.95,85.75
HT701GPSA-BLCA,"EX, EX Sport, EX Deluxe (17-20) / EXR (19-20)",131.95,85.75
HT701GPSA-BLK,"EX, EX Sport, EX Deluxe (17-20) / EXR (19-20)",131.95,85.75
HT701GPSA-BLMA,"EX, EX Sport, EX Deluxe (17-20) / EXR (19-20)",131.95,85.75
HT701GPSA-DBlU,"EX, EX Sport, EX Deluxe (17-20) / EXR (19-20)",131.95,85.75
HT701GPSA-DKGR,"EX, EX Sport, EX Deluxe (17-20) / EXR (19-20)",131.95,85.75
HT701GPSA-Gray,"EX, EX Sport, EX Deluxe (17-20) / EXR (19-20)",131.95,85.75
HT701GPSA-GRCA,"EX, EX Sport, EX Deluxe (17-20) / EXR (19-20)",131.95,85.75
HT701GPSA-LG,"EX, EX Sport, EX Deluxe (17-20) / EXR (19-20)",131.95,85.75
HT701GPSA-LGCA,"EX, EX Sport, EX Deluxe (17-20) / EXR (19-20)",131.95,85.75
HT701GPSA-LTBLU,"EX, EX Sport, EX Deluxe (17-20) / EXR (19-20)",131.95,85.75
HT701GPSA-ORAN,"EX, EX Sport, EX Deluxe (17-20) / EXR (19-20)",131.95,85.75
HT701GPSA-PINK,"EX, EX Sport, EX Deluxe (17-20) / EXR (19-20)",131.95,85.75
HT701GPSA-PLMA,"EX, EX Sport, EX Deluxe (17-20) / EXR (19-20)",131.95,85.75
HT701GPSA-PRPL,"EX, EX Sport, EX Deluxe (17-20) / EXR (19-20)",131.95,85.75
HT701GPSA-RBLU,"EX, EX Sport, EX Deluxe (17-20) / EXR (19-20)",131.95,85.75
HT701GPSA-RDCA,"EX, EX Sport, EX Deluxe (17-20) / EXR (19-20)",131.95,85.75
HT701GPSA-RED,"EX, EX Sport, EX Deluxe (17-20) / EXR (19-20)",131.95,85.75
HT701GPSA-RLMA,"EX, EX Sport, EX Deluxe (17-20) / EXR (19-20)",131.95,85.75
HT701GPSA-SNCA,"EX, EX Sport, EX Deluxe (17-20) / EXR (19-20)",131.95,85.75
HT701GPSA-WHT,"EX, EX Sport, EX Deluxe (17-20) / EXR (19-20)",131.95,85.75
HT701GPSA-Yell,"EX, EX Sport, EX Deluxe (17-20) / EXR (19-20)",131.95,85.75
HT701GPSA-YLCA,"EX, EX Sport, EX Deluxe (17-20) / EXR (19-20)",131.95,85.75
HT701MDPSA-BLK,"EX, EX Sport, EX Deluxe (17-20) / EXR (19-20)",131.95,85.75
HT701MDPSA-DKGR,"EX, EX Sport, EX Deluxe (17-20) / EXR (19-20)",131.95,85.75
HT701MDPSA-Gray,"EX, EX Sport, EX Deluxe (17-20) / EXR (19-20)",131.95,85.75
HT701MDPSA-LG,"EX, EX Sport, EX Deluxe (17-20) / EXR (19-20)",131.95,85.75
HT701MDPSA-RBLU,"EX, EX Sport, EX Deluxe (17-20) / EXR (19-20)",131.95,85.75
HT701MDPSA-RED,"EX, EX Sport, EX Deluxe (17-20) / EXR (19-20)",131.95,85.75
HT701MDPSA-WHT,"EX, EX Sport, EX Deluxe (17-20) / EXR (19-20)",131.95,85.75
HT70-2TDPSA-BLK-BLU,WaveRunner 500 / WaveRunner LX (89-93),158.95,103.3
HT70-2TDPSA-BLK-DKGR,WaveRunner 500 / WaveRunner LX (89-93),158.95,103.3
HT70-2TDPSA-BLK-GRA,WaveRunner 500 / WaveRunner LX (89-93),158.95,103.3
HT70-2TDPSA-BLK-LG,WaveRunner 500 / WaveRunner LX (89-93),158.95,103.3
HT70-2TDPSA-BLK-ORAN,WaveRunner 500 / WaveRunner LX (89-93),158.95,103.3
HT70-2TDPSA-BLK-PINK,WaveRunner 500 / WaveRunner LX (89-93),158.95,103.3
HT70-2TDPSA-BLK-RED,WaveRunner 500 / WaveRunner LX (89-93),158.95,103.3
HT70-2TDPSA-BLK-WHT,WaveRunner 500 / WaveRunner LX (89-93),158.95,103.3
HT70-2TDPSA-BLK-YELL,WaveRunner 500 / WaveRunner LX (89-93),158.95,103.3
HT70-2TDPSA-BLU-BLK,WaveRunner 500 / WaveRunner LX (89-93),158.95,103.3
HT70-2TDPSA-DKG-BLK,WaveRunner 500 / WaveRunner LX (89-93),158.95,103.3
HT70-2TDPSA-GRA-BLK,WaveRunner 500 / WaveRunner LX (89-93),158.95,103.3
HT70-2TDPSA-LG-BLK,WaveRunner 500 / WaveRunner LX (89-93),158.95,103.3
HT70-2TDPSA-RED-BLK,WaveRunner 500 / WaveRunner LX (89-93),158.95,103.3
HT70-2TGPSA-BLK-BLU,WaveRunner 500 / WaveRunner LX (89-93),158.95,103.3
HT70-2TGPSA-BLK-DKGR,WaveRunner 500 / WaveRunner LX (89-93),158.95,103.3
HT70-2TGPSA-BLK-GRA,WaveRunner 500 / WaveRunner LX (89-93),158.95,103.3
HT70-2TGPSA-BLK-LG,WaveRunner 500 / WaveRunner LX (89-93),158.95,103.3
HT70-2TGPSA-BLK-ORAN,WaveRunner 500 / WaveRunner LX (89-93),158.95,103.3
HT70-2TGPSA-BLK-PINK,WaveRunner 500 / WaveRunner LX (89-93),158.95,103.3
HT70-2TGPSA-BLK-RED,WaveRunner 500 / WaveRunner LX (89-93),158.95,103.3
HT70-2TGPSA-BLK-WHT,WaveRunner 500 / WaveRunner LX (89-93),158.95,103.3
HT70-2TGPSA-BLK-YELL,WaveRunner 500 / WaveRunner LX (89-93),158.95,103.3
HT70-2TGPSA-BLU-BLK,WaveRunner 500 / WaveRunner LX (89-93),158.95,103.3
HT70-2TGPSA-DKG-BLK,WaveRunner 500 / WaveRunner LX (89-93),158.95,103.3
HT70-2TGPSA-GRA-BLK,WaveRunner 500 / WaveRunner LX (89-93),158.95,103.3
HT70-2TGPSA-LG-BLK,WaveRunner 500 / WaveRunner LX (89-93),158.95,103.3
HT70-2TGPSA-RED-BLK,WaveRunner 500 / WaveRunner LX (89-93),158.95,103.3
HT70DPSA-BLCA,WaveRunner 500 / WaveRunner LX (89-93),131.95,85.75
HT70DPSA-BLK,WaveRunner 500 / WaveRunner LX (89-93),131.95,85.75
HT70DPSA-BLMA,WaveRunner 500 / WaveRunner LX (89-93),131.95,85.75
HT70DPSA-DBlU,WaveRunner 500 / WaveRunner LX (89-93),131.95,85.75
HT70DPSA-DKGR,WaveRunner 500 / WaveRunner LX (89-93),131.95,85.75
HT70DPSA-Gray,WaveRunner 500 / WaveRunner LX (89-93),131.95,85.75
HT70DPSA-GRCA,WaveRunner 500 / WaveRunner LX (89-93),131.95,85.75
HT70DPSA-LG,WaveRunner 500 / WaveRunner LX (89-93),131.95,85.75
HT70DPSA-LGCA,WaveRunner 500 / WaveRunner LX (89-93),131.95,85.75
HT70DPSA-LTBLU,WaveRunner 500 / WaveRunner LX (89-93),131.95,85.75
HT70DPSA-ORAN,WaveRunner 500 / WaveRunner LX (89-93),131.95,85.75
HT70DPSA-PINK,WaveRunner 500 / WaveRunner LX (89-93),131.95,85.75
HT70DPSA-PLMA,WaveRunner 500 / WaveRunner LX (89-93),131.95,85.75
HT70DPSA-PRPL,WaveRunner 500 / WaveRunner LX (89-93),131.95,85.75
HT70DPSA-RBLU,WaveRunner 500 / WaveRunner LX (89-93),131.95,85.75
HT70DPSA-RDCA,WaveRunner 500 / WaveRunner LX (89-93),131.95,85.75
HT70DPSA-RED,WaveRunner 500 / WaveRunner LX (89-93),131.95,85.75
HT70DPSA-RLMA,WaveRunner 500 / WaveRunner LX (89-93),131.95,85.75
HT70DPSA-SNCA,WaveRunner 500 / WaveRunner LX (89-93),131.95,85.75
HT70DPSA-WHT,WaveRunner 500 / WaveRunner LX (89-93),131.95,85.75
HT70DPSA-Yell,WaveRunner 500 / WaveRunner LX (89-93),131.95,85.75
HT70DPSA-YLCA,WaveRunner 500 / WaveRunner LX (89-93),131.95,85.75
HT70GPSA-BLCA,WaveRunner 500 / WaveRunner LX (89-93),131.95,85.75
HT70GPSA-BLK,WaveRunner 500 / WaveRunner LX (89-93),131.95,85.75
HT70GPSA-BLMA,WaveRunner 500 / WaveRunner LX (89-93),131.95,85.75
HT70GPSA-DBlU,WaveRunner 500 / WaveRunner LX (89-93),131.95,85.75
HT70GPSA-DKGR,WaveRunner 500 / WaveRunner LX (89-93),131.95,85.75
HT70GPSA-Gray,WaveRunner 500 / WaveRunner LX (89-93),131.95,85.75
HT70GPSA-GRCA,WaveRunner 500 / WaveRunner LX (89-93),131.95,85.75
HT70GPSA-LG,WaveRunner 500 / WaveRunner LX (89-93),131.95,85.75
HT70GPSA-LGCA,WaveRunner 500 / WaveRunner LX (89-93),131.95,85.75
HT70GPSA-LTBLU,WaveRunner 500 / WaveRunner LX (89-93),131.95,85.75
HT70GPSA-ORAN,WaveRunner 500 / WaveRunner LX (89-93),131.95,85.75
HT70GPSA-PINK,WaveRunner 500 / WaveRunner LX (89-93),131.95,85.75
HT70GPSA-PLMA,WaveRunner 500 / WaveRunner LX (89-93),131.95,85.75
HT70GPSA-PRPL,WaveRunner 500 / WaveRunner LX (89-93),131.95,85.75
HT70GPSA-RBLU,WaveRunner 500 / WaveRunner LX (89-93),131.95,85.75
HT70GPSA-RDCA,WaveRunner 500 / WaveRunner LX (89-93),131.95,85.75
HT70GPSA-RED,WaveRunner 500 / WaveRunner LX (89-93),131.95,85.75
HT70GPSA-RLMA,WaveRunner 500 / WaveRunner LX (89-93),131.95,85.75
HT70GPSA-SNCA,WaveRunner 500 / WaveRunner LX (89-93),131.95,85.75
HT70GPSA-WHT,WaveRunner 500 / WaveRunner LX (89-93),131.95,85.75
HT70GPSA-Yell,WaveRunner 500 / WaveRunner LX (89-93),131.95,85.75
HT70GPSA-YLCA,WaveRunner 500 / WaveRunner LX (89-93),131.95,85.75
HT70MDPSA-BLK,WaveRunner 500 / WaveRunner LX (89-93),131.95,85.75
HT70MDPSA-DKGR,WaveRunner 500 / WaveRunner LX (89-93),131.95,85.75
HT70MDPSA-Gray,WaveRunner 500 / WaveRunner LX (89-93),131.95,85.75
HT70MDPSA-LG,WaveRunner 500 / WaveRunner LX (89-93),131.95,85.75
HT70MDPSA-RBLU,WaveRunner 500 / WaveRunner LX (89-93),131.95,85.75
HT70MDPSA-RED,WaveRunner 500 / WaveRunner LX (89-93),131.95,85.75
HT70MDPSA-WHT,WaveRunner 500 / WaveRunner LX (89-93),131.95,85.75
HT71-2TDPSA-BLK-BLU,FX1,158.95,103.3
HT71-2TDPSA-BLK-DKGR,FX1,158.95,103.3
HT71-2TDPSA-BLK-GRA,FX1,158.95,103.3
HT71-2TDPSA-BLK-LG,FX1,158.95,103.3
HT71-2TDPSA-BLK-ORAN,FX1,158.95,103.3
HT71-2TDPSA-BLK-PINK,FX1,158.95,103.3
HT71-2TDPSA-BLK-RED,FX1,158.95,103.3
HT71-2TDPSA-BLK-WHT,FX1,158.95,103.3
HT71-2TDPSA-BLK-YELL,FX1,158.95,103.3
HT71-2TDPSA-BLU-BLK,FX1,158.95,103.3
HT71-2TDPSA-DKG-BLK,FX1,158.95,103.3
HT71-2TDPSA-GRA-BLK,FX1,158.95,103.3
HT71-2TDPSA-LG-BLK,FX1,158.95,103.3
HT71-2TDPSA-RED-BLK,FX1,158.95,103.3
HT71-2TGPSA-BLK-BLU,FX1,158.95,103.3
HT71-2TGPSA-BLK-DKGR,FX1,158.95,103.3
HT71-2TGPSA-BLK-GRA,FX1,158.95,103.3
HT71-2TGPSA-BLK-LG,FX1,158.95,103.3
HT71-2TGPSA-BLK-ORAN,FX1,158.95,103.3
HT71-2TGPSA-BLK-PINK,FX1,158.95,103.3
HT71-2TGPSA-BLK-RED,FX1,158.95,103.3
HT71-2TGPSA-BLK-WHT,FX1,158.95,103.3
HT71-2TGPSA-BLK-YELL,FX1,158.95,103.3
HT71-2TGPSA-BLU-BLK,FX1,158.95,103.3
HT71-2TGPSA-DKG-BLK,FX1,158.95,103.3
HT71-2TGPSA-GRA-BLK,FX1,158.95,103.3
HT71-2TGPSA-LG-BLK,FX1,158.95,103.3
HT71-2TGPSA-RED-BLK,FX1,158.95,103.3
HT71DPSA-BLCA,FX1,131.95,85.75
HT71DPSA-BLK,FX1,131.95,85.75
HT71DPSA-BLMA,FX1,131.95,85.75
HT71DPSA-DBlU,FX1,131.95,85.75
HT71DPSA-DKGR,FX1,131.95,85.75
HT71DPSA-Gray,FX1,131.95,85.75
HT71DPSA-GRCA,FX1,131.95,85.75
HT71DPSA-LG,FX1,131.95,85.75
HT71DPSA-LGCA,FX1,131.95,85.75
HT71DPSA-LTBLU,FX1,131.95,85.75
HT71DPSA-ORAN,FX1,131.95,85.75
HT71DPSA-PINK,FX1,131.95,85.75
HT71DPSA-PLMA,FX1,131.95,85.75
HT71DPSA-PRPL,FX1,131.95,85.75
HT71DPSA-RBLU,FX1,131.95,85.75
HT71DPSA-RDCA,FX1,131.95,85.75
HT71DPSA-RED,FX1,131.95,85.75
HT71DPSA-RLMA,FX1,131.95,85.75
HT71DPSA-SNCA,FX1,131.95,85.75
HT71DPSA-WHT,FX1,131.95,85.75
HT71DPSA-Yell,FX1,131.95,85.75
HT71DPSA-YLCA,FX1,131.95,85.75
HT71GPSA-BLCA,FX1,131.95,85.75
HT71GPSA-BLK,FX1,131.95,85.75
HT71GPSA-BLMA,FX1,131.95,85.75
HT71GPSA-DBlU,FX1,131.95,85.75
HT71GPSA-DKGR,FX1,131.95,85.75
HT71GPSA-Gray,FX1,131.95,85.75
HT71GPSA-GRCA,FX1,131.95,85.75
HT71GPSA-LG,FX1,131.95,85.75
HT71GPSA-LGCA,FX1,131.95,85.75
HT71GPSA-LTBLU,FX1,131.95,85.75
HT71GPSA-ORAN,FX1,131.95,85.75
HT71GPSA-PINK,FX1,131.95,85.75
HT71GPSA-PLMA,FX1,131.95,85.75
HT71GPSA-PRPL,FX1,131.95,85.75
HT71GPSA-RBLU,FX1,131.95,85.75
HT71GPSA-RDCA,FX1,131.95,85.75
HT71GPSA-RED,FX1,131.95,85.75
HT71GPSA-RLMA,FX1,131.95,85.75
HT71GPSA-SNCA,FX1,131.95,85.75
HT71GPSA-WHT,FX1,131.95,85.75
HT71GPSA-Yell,FX1,131.95,85.75
HT71GPSA-YLCA,FX1,131.95,85.75
HT71MDPSA-BLK,FX1,131.95,85.75
HT71MDPSA-DKGR,FX1,131.95,85.75
HT71MDPSA-Gray,FX1,131.95,85.75
HT71MDPSA-LG,FX1,131.95,85.75
HT71MDPSA-RBLU,FX1,131.95,85.75
HT71MDPSA-RED,FX1,131.95,85.75
HT71MDPSA-WHT,FX1,131.95,85.75
HT72-2TDPSA-BLK-BLU,SUV,173.95,113.05
HT72-2TDPSA-BLK-DKGR,SUV,173.95,113.05
HT72-2TDPSA-BLK-GRA,SUV,173.95,113.05
HT72-2TDPSA-BLK-LG,SUV,173.95,113.05
HT72-2TDPSA-BLK-ORAN,SUV,173.95,113.05
HT72-2TDPSA-BLK-PINK,SUV,173.95,113.05
HT72-2TDPSA-BLK-RED,SUV,173.95,113.05
HT72-2TDPSA-BLK-WHT,SUV,173.95,113.05
HT72-2TDPSA-BLK-YELL,SUV,173.95,113.05
HT72-2TDPSA-BLU-BLK,SUV,173.95,113.05
HT72-2TDPSA-DKG-BLK,SUV,173.95,113.05
HT72-2TDPSA-GRA-BLK,SUV,173.95,113.05
HT72-2TDPSA-LG-BLK,SUV,173.95,113.05
HT72-2TDPSA-RED-BLK,SUV,173.95,113.05
HT72-2TGPSA-BLK-BLU,SUV,173.95,113.05
HT72-2TGPSA-BLK-DKGR,SUV,173.95,113.05
HT72-2TGPSA-BLK-GRA,SUV,173.95,113.05
HT72-2TGPSA-BLK-LG,SUV,173.95,113.05
HT72-2TGPSA-BLK-ORAN,SUV,173.95,113.05
HT72-2TGPSA-BLK-PINK,SUV,173.95,113.05
HT72-2TGPSA-BLK-RED,SUV,173.95,113.05
HT72-2TGPSA-BLK-WHT,SUV,173.95,113.05
HT72-2TGPSA-BLK-YELL,SUV,173.95,113.05
HT72-2TGPSA-BLU-BLK,SUV,173.95,113.05
HT72-2TGPSA-DKG-BLK,SUV,173.95,113.05
HT72-2TGPSA-GRA-BLK,SUV,173.95,113.05
HT72-2TGPSA-LG-BLK,SUV,173.95,113.05
HT72-2TGPSA-RED-BLK,SUV,173.95,113.05
HT72DPSA-BLCA,SUV,144.95,94.2
HT72DPSA-BLK,SUV,144.95,94.2
HT72DPSA-BLMA,SUV,144.95,94.2
HT72DPSA-DBlU,SUV,144.95,94.2
HT72DPSA-DKGR,SUV,144.95,94.2
HT72DPSA-Gray,SUV,144.95,94.2
HT72DPSA-GRCA,SUV,144.95,94.2
HT72DPSA-LG,SUV,144.95,94.2
HT72DPSA-LGCA,SUV,144.95,94.2
HT72DPSA-LTBLU,SUV,144.95,94.2
HT72DPSA-ORAN,SUV,144.95,94.2
HT72DPSA-PINK,SUV,144.95,94.2
HT72DPSA-PLMA,SUV,144.95,94.2
HT72DPSA-PRPL,SUV,144.95,94.2
HT72DPSA-RBLU,SUV,144.95,94.2
HT72DPSA-RDCA,SUV,144.95,94.2
HT72DPSA-RED,SUV,144.95,94.2
HT72DPSA-RLMA,SUV,144.95,94.2
HT72DPSA-SNCA,SUV,144.95,94.2
HT72DPSA-WHT,SUV,144.95,94.2
HT72DPSA-Yell,SUV,144.95,94.2
HT72DPSA-YLCA,SUV,144.95,94.2
HT72GPSA-BLCA,SUV,144.95,94.2
HT72GPSA-BLK,SUV,144.95,94.2
HT72GPSA-BLMA,SUV,144.95,94.2
HT72GPSA-DBlU,SUV,144.95,94.2
HT72GPSA-DKGR,SUV,144.95,94.2
HT72GPSA-Gray,SUV,144.95,94.2
HT72GPSA-GRCA,SUV,144.95,94.2
HT72GPSA-LG,SUV,144.95,94.2
HT72GPSA-LGCA,SUV,144.95,94.2
HT72GPSA-LTBLU,SUV,144.95,94.2
HT72GPSA-ORAN,SUV,144.95,94.2
HT72GPSA-PINK,SUV,144.95,94.2
HT72GPSA-PLMA,SUV,144.95,94.2
HT72GPSA-PRPL,SUV,144.95,94.2
HT72GPSA-RBLU,SUV,144.95,94.2
HT72GPSA-RDCA,SUV,144.95,94.2
HT72GPSA-RED,SUV,144.95,94.2
HT72GPSA-RLMA,SUV,144.95,94.2
HT72GPSA-SNCA,SUV,144.95,94.2
HT72GPSA-WHT,SUV,144.95,94.2
HT72GPSA-Yell,SUV,144.95,94.2
HT72GPSA-YLCA,SUV,144.95,94.2
HT72MDPSA-BLK,SUV,144.95,94.2
HT72MDPSA-DKGR,SUV,144.95,94.2
HT72MDPSA-Gray,SUV,144.95,94.2
HT72MDPSA-LG,SUV,144.95,94.2
HT72MDPSA-RBLU,SUV,144.95,94.2
HT72MDPSA-RED,SUV,144.95,94.2
HT72MDPSA-WHT,SUV,144.95,94.2
HT73-2TDPSA-BLK-BLU,WaveRunner III,158.95,103.3
HT73-2TDPSA-BLK-DKGR,WaveRunner III,158.95,103.3
HT73-2TDPSA-BLK-GRA,WaveRunner III,158.95,103.3
HT73-2TDPSA-BLK-LG,WaveRunner III,158.95,103.3
HT73-2TDPSA-BLK-ORAN,WaveRunner III,158.95,103.3
HT73-2TDPSA-BLK-PINK,WaveRunner III,158.95,103.3
HT73-2TDPSA-BLK-RED,WaveRunner III,158.95,103.3
HT73-2TDPSA-BLK-WHT,WaveRunner III,158.95,103.3
HT73-2TDPSA-BLK-YELL,WaveRunner III,158.95,103.3
HT73-2TDPSA-BLU-BLK,WaveRunner III,158.95,103.3
HT73-2TDPSA-DKG-BLK,WaveRunner III,158.95,103.3
HT73-2TDPSA-GRA-BLK,WaveRunner III,158.95,103.3
HT73-2TDPSA-LG-BLK,WaveRunner III,158.95,103.3
HT73-2TDPSA-RED-BLK,WaveRunner III,158.95,103.3
HT73-2TGPSA-BLK-BLU,WaveRunner III,158.95,103.3
HT73-2TGPSA-BLK-DKGR,WaveRunner III,158.95,103.3
HT73-2TGPSA-BLK-GRA,WaveRunner III,158.95,103.3
HT73-2TGPSA-BLK-LG,WaveRunner III,158.95,103.3
HT73-2TGPSA-BLK-ORAN,WaveRunner III,158.95,103.3
HT73-2TGPSA-BLK-PINK,WaveRunner III,158.95,103.3
HT73-2TGPSA-BLK-RED,WaveRunner III,158.95,103.3
HT73-2TGPSA-BLK-WHT,WaveRunner III,158.95,103.3
HT73-2TGPSA-BLK-YELL,WaveRunner III,158.95,103.3
HT73-2TGPSA-BLU-BLK,WaveRunner III,158.95,103.3
HT73-2TGPSA-DKG-BLK,WaveRunner III,158.95,103.3
HT73-2TGPSA-GRA-BLK,WaveRunner III,158.95,103.3
HT73-2TGPSA-LG-BLK,WaveRunner III,158.95,103.3
HT73-2TGPSA-RED-BLK,WaveRunner III,158.95,103.3
HT73DPSA-BLCA,WaveRunner III,131.95,85.75
HT73DPSA-BLK,WaveRunner III,131.95,85.75
HT73DPSA-BLMA,WaveRunner III,131.95,85.75
HT73DPSA-DBlU,WaveRunner III,131.95,85.75
HT73DPSA-DKGR,WaveRunner III,131.95,85.75
HT73DPSA-Gray,WaveRunner III,131.95,85.75
HT73DPSA-GRCA,WaveRunner III,131.95,85.75
HT73DPSA-LG,WaveRunner III,131.95,85.75
HT73DPSA-LGCA,WaveRunner III,131.95,85.75
HT73DPSA-LTBLU,WaveRunner III,131.95,85.75
HT73DPSA-ORAN,WaveRunner III,131.95,85.75
HT73DPSA-PINK,WaveRunner III,131.95,85.75
HT73DPSA-PLMA,WaveRunner III,131.95,85.75
HT73DPSA-PRPL,WaveRunner III,131.95,85.75
HT73DPSA-RBLU,WaveRunner III,131.95,85.75
HT73DPSA-RDCA,WaveRunner III,131.95,85.75
HT73DPSA-RED,WaveRunner III,131.95,85.75
HT73DPSA-RLMA,WaveRunner III,131.95,85.75
HT73DPSA-SNCA,WaveRunner III,131.95,85.75
HT73DPSA-WHT,WaveRunner III,131.95,85.75
HT73DPSA-Yell,WaveRunner III,131.95,85.75
HT73DPSA-YLCA,WaveRunner III,131.95,85.75
HT73GPSA-BLCA,WaveRunner III,131.95,85.75
HT73GPSA-BLK,WaveRunner III,131.95,85.75
HT73GPSA-BLMA,WaveRunner III,131.95,85.75
HT73GPSA-DBlU,WaveRunner III,131.95,85.75
HT73GPSA-DKGR,WaveRunner III,131.95,85.75
HT73GPSA-Gray,WaveRunner III,131.95,85.75
HT73GPSA-GRCA,WaveRunner III,131.95,85.75
HT73GPSA-LG,WaveRunner III,131.95,85.75
HT73GPSA-LGCA,WaveRunner III,131.95,85.75
HT73GPSA-LTBLU,WaveRunner III,131.95,85.75
HT73GPSA-ORAN,WaveRunner III,131.95,85.75
HT73GPSA-PINK,WaveRunner III,131.95,85.75
HT73GPSA-PLMA,WaveRunner III,131.95,85.75
HT73GPSA-PRPL,WaveRunner III,131.95,85.75
HT73GPSA-RBLU,WaveRunner III,131.95,85.75
HT73GPSA-RDCA,WaveRunner III,131.95,85.75
HT73GPSA-RED,WaveRunner III,131.95,85.75
HT73GPSA-RLMA,WaveRunner III,131.95,85.75
HT73GPSA-SNCA,WaveRunner III,131.95,85.75
HT73GPSA-WHT,WaveRunner III,131.95,85.75
HT73GPSA-Yell,WaveRunner III,131.95,85.75
HT73GPSA-YLCA,WaveRunner III,131.95,85.75
HT741-2TDPSA-BLK-BLU,WaveBlaster II,158.95,103.3
HT741-2TDPSA-BLK-DKG,WaveBlaster II,158.95,103.3
HT741-2TDPSA-BLK-GRA,WaveBlaster II,158.95,103.3
HT741-2TDPSA-BLK-LG,WaveBlaster II,158.95,103.3
HT741-2TDPSA-BLK-ORA,WaveBlaster II,158.95,103.3
HT741-2TDPSA-BLK-PIN,WaveBlaster II,158.95,103.3
HT741-2TDPSA-BLK-RED,WaveBlaster II,158.95,103.3
HT741-2TDPSA-BLK-WHT,WaveBlaster II,158.95,103.3
HT741-2TDPSA-BLK-YL,WaveBlaster II,158.95,103.3
HT741-2TDPSA-BLU-BLK,WaveBlaster II,158.95,103.3
HT741-2TDPSA-DKG-BLK,WaveBlaster II,158.95,103.3
HT741-2TDPSA-GRA-BLK,WaveBlaster II,158.95,103.3
HT741-2TDPSA-LG-BLK,WaveBlaster II,158.95,103.3
HT741-2TDPSA-RED-BLK,WaveBlaster II,158.95,103.3
HT741-2TGPSA-BLK-BLU,WaveBlaster II,158.95,103.3
HT741-2TGPSA-BLK-DKG,WaveBlaster II,158.95,103.3
HT741-2TGPSA-BLK-GRA,WaveBlaster II,158.95,103.3
HT741-2TGPSA-BLK-LG,WaveBlaster II,158.95,103.3
HT741-2TGPSA-BLK-ORA,WaveBlaster II,158.95,103.3
HT741-2TGPSA-BLK-PIN,WaveBlaster II,158.95,103.3
HT741-2TGPSA-BLK-RED,WaveBlaster II,158.95,103.3
HT741-2TGPSA-BLK-WHT,WaveBlaster II,158.95,103.3
HT741-2TGPSA-BLK-YL,WaveBlaster II,158.95,103.3
HT741-2TGPSA-BLU-BLK,WaveBlaster II,158.95,103.3
HT741-2TGPSA-DKG-BLK,WaveBlaster II,158.95,103.3
HT741-2TGPSA-GRA-BLK,WaveBlaster II,158.95,103.3
HT741-2TGPSA-LG-BLK,WaveBlaster II,158.95,103.3
HT741-2TGPSA-RED-BLK,WaveBlaster II,158.95,103.3
HT741DPSA-BLCA,WaveBlaster II,131.95,85.75
HT741DPSA-BLK,WaveBlaster II,131.95,85.75
HT741DPSA-BLMA,WaveBlaster II,131.95,85.75
HT741DPSA-DBlU,WaveBlaster II,131.95,85.75
HT741DPSA-DKGR,WaveBlaster II,131.95,85.75
HT741DPSA-Gray,WaveBlaster II,131.95,85.75
HT741DPSA-GRCA,WaveBlaster II,131.95,85.75
HT741DPSA-LG,WaveBlaster II,131.95,85.75
HT741DPSA-LGCA,WaveBlaster II,131.95,85.75
HT741DPSA-LTBLU,WaveBlaster II,131.95,85.75
HT741DPSA-ORAN,WaveBlaster II,131.95,85.75
HT741DPSA-PINK,WaveBlaster II,131.95,85.75
HT741DPSA-PLMA,WaveBlaster II,131.95,85.75
HT741DPSA-PRPL,WaveBlaster II,131.95,85.75
HT741DPSA-RBLU,WaveBlaster II,131.95,85.75
HT741DPSA-RDCA,WaveBlaster II,131.95,85.75
HT741DPSA-RED,WaveBlaster II,131.95,85.75
HT741DPSA-RLMA,WaveBlaster II,131.95,85.75
HT741DPSA-SNCA,WaveBlaster II,131.95,85.75
HT741DPSA-WHT,WaveBlaster II,131.95,85.75
HT741DPSA-Yell,WaveBlaster II,131.95,85.75
HT741DPSA-YLCA,WaveBlaster II,131.95,85.75
HT741GPSA-BLCA,WaveBlaster II,131.95,85.75
HT741GPSA-BLK,WaveBlaster II,131.95,85.75
HT741GPSA-BLMA,WaveBlaster II,131.95,85.75
HT741GPSA-DBlU,WaveBlaster II,131.95,85.75
HT741GPSA-DKGR,WaveBlaster II,131.95,85.75
HT741GPSA-Gray,WaveBlaster II,131.95,85.75
HT741GPSA-GRCA,WaveBlaster II,131.95,85.75
HT741GPSA-LG,WaveBlaster II,131.95,85.75
HT741GPSA-LGCA,WaveBlaster II,131.95,85.75
HT741GPSA-LTBLU,WaveBlaster II,131.95,85.75
HT741GPSA-ORAN,WaveBlaster II,131.95,85.75
HT741GPSA-PINK,WaveBlaster II,131.95,85.75
HT741GPSA-PLMA,WaveBlaster II,131.95,85.75
HT741GPSA-PRPL,WaveBlaster II,131.95,85.75
HT741GPSA-RBLU,WaveBlaster II,131.95,85.75
HT741GPSA-RDCA,WaveBlaster II,131.95,85.75
HT741GPSA-RED,WaveBlaster II,131.95,85.75
HT741GPSA-RLMA,WaveBlaster II,131.95,85.75
HT741GPSA-SNCA,WaveBlaster II,131.95,85.75
HT741GPSA-WHT,WaveBlaster II,131.95,85.75
HT741GPSA-Yell,WaveBlaster II,131.95,85.75
HT741GPSA-YLCA,WaveBlaster II,131.95,85.75
HT742-2TDPSA-BLK-BLU,WaveBlaster 800,158.95,103.3
HT742-2TDPSA-BLK-DKG,WaveBlaster 800,158.95,103.3
HT742-2TDPSA-BLK-GRA,WaveBlaster 800,158.95,103.3
HT742-2TDPSA-BLK-LG,WaveBlaster 800,158.95,103.3
HT742-2TDPSA-BLK-ORA,WaveBlaster 800,158.95,103.3
HT742-2TDPSA-BLK-PIN,WaveBlaster 800,158.95,103.3
HT742-2TDPSA-BLK-RED,WaveBlaster 800,158.95,103.3
HT742-2TDPSA-BLK-WHT,WaveBlaster 800,158.95,103.3
HT742-2TDPSA-BLK-YL,WaveBlaster 800,158.95,103.3
HT742-2TDPSA-BLU-BLK,WaveBlaster 800,158.95,103.3
HT742-2TDPSA-DKG-BLK,WaveBlaster 800,158.95,103.3
HT742-2TDPSA-GRA-BLK,WaveBlaster 800,158.95,103.3
HT742-2TDPSA-LG-BLK,WaveBlaster 800,158.95,103.3
HT742-2TDPSA-RED-BLK,WaveBlaster 800,158.95,103.3
HT742-2TGPSA-BLK-BLU,WaveBlaster 800,158.95,103.3
HT742-2TGPSA-BLK-DKG,WaveBlaster 800,158.95,103.3
HT742-2TGPSA-BLK-GRA,WaveBlaster 800,158.95,103.3
HT742-2TGPSA-BLK-LG,WaveBlaster 800,158.95,103.3
HT742-2TGPSA-BLK-ORA,WaveBlaster 800,158.95,103.3
HT742-2TGPSA-BLK-PIN,WaveBlaster 800,158.95,103.3
HT742-2TGPSA-BLK-RED,WaveBlaster 800,158.95,103.3
HT742-2TGPSA-BLK-WHT,WaveBlaster 800,158.95,103.3
HT742-2TGPSA-BLK-YL,WaveBlaster 800,158.95,103.3
HT742-2TGPSA-BLU-BLK,WaveBlaster 800,158.95,103.3
HT742-2TGPSA-DKG-BLK,WaveBlaster 800,158.95,103.3
HT742-2TGPSA-GRA-BLK,WaveBlaster 800,158.95,103.3
HT742-2TGPSA-LG-BLK,WaveBlaster 800,158.95,103.3
HT742-2TGPSA-RED-BLK,WaveBlaster 800,158.95,103.3
HT742DPSA-BLCA,WaveBlaster 800,131.95,85.75
HT742DPSA-BLK,WaveBlaster 800,131.95,85.75
HT742DPSA-BLMA,WaveBlaster 800,131.95,85.75
HT742DPSA-DBlU,WaveBlaster 800,131.95,85.75
HT742DPSA-DKGR,WaveBlaster 800,131.95,85.75
HT742DPSA-Gray,WaveBlaster 800,131.95,85.75
HT742DPSA-GRCA,WaveBlaster 800,131.95,85.75
HT742DPSA-LG,WaveBlaster 800,131.95,85.75
HT742DPSA-LGCA,WaveBlaster 800,131.95,85.75
HT742DPSA-LTBLU,WaveBlaster 800,131.95,85.75
HT742DPSA-ORAN,WaveBlaster 800,131.95,85.75
HT742DPSA-PINK,WaveBlaster 800,131.95,85.75
HT742DPSA-PLMA,WaveBlaster 800,131.95,85.75
HT742DPSA-PRPL,WaveBlaster 800,131.95,85.75
HT742DPSA-RBLU,WaveBlaster 800,131.95,85.75
HT742DPSA-RDCA,WaveBlaster 800,131.95,85.75
HT742DPSA-RED,WaveBlaster 800,131.95,85.75
HT742DPSA-RLMA,WaveBlaster 800,131.95,85.75
HT742DPSA-SNCA,WaveBlaster 800,131.95,85.75
HT742DPSA-WHT,WaveBlaster 800,131.95,85.75
HT742DPSA-Yell,WaveBlaster 800,131.95,85.75
HT742DPSA-YLCA,WaveBlaster 800,131.95,85.75
HT742GPSA-BLCA,WaveBlaster 800,131.95,85.75
HT742GPSA-BLK,WaveBlaster 800,131.95,85.75
HT742GPSA-BLMA,WaveBlaster 800,131.95,85.75
HT742GPSA-DBlU,WaveBlaster 800,131.95,85.75
HT742GPSA-DKGR,WaveBlaster 800,131.95,85.75
HT742GPSA-Gray,WaveBlaster 800,131.95,85.75
HT742GPSA-GRCA,WaveBlaster 800,131.95,85.75
HT742GPSA-LG,WaveBlaster 800,131.95,85.75
HT742GPSA-LGCA,WaveBlaster 800,131.95,85.75
HT742GPSA-LTBLU,WaveBlaster 800,131.95,85.75
HT742GPSA-ORAN,WaveBlaster 800,131.95,85.75
HT742GPSA-PINK,WaveBlaster 800,131.95,85.75
HT742GPSA-PLMA,WaveBlaster 800,131.95,85.75
HT742GPSA-PRPL,WaveBlaster 800,131.95,85.75
HT742GPSA-RBLU,WaveBlaster 800,131.95,85.75
HT742GPSA-RDCA,WaveBlaster 800,131.95,85.75
HT742GPSA-RED,WaveBlaster 800,131.95,85.75
HT742GPSA-RLMA,WaveBlaster 800,131.95,85.75
HT742GPSA-SNCA,WaveBlaster 800,131.95,85.75
HT742GPSA-WHT,WaveBlaster 800,131.95,85.75
HT742GPSA-Yell,WaveBlaster 800,131.95,85.75
HT742GPSA-YLCA,WaveBlaster 800,131.95,85.75
HT742MDPSA-BLK,WaveBlaster 800,131.95,85.75
HT742MDPSA-DKGR,WaveBlaster 800,131.95,85.75
HT742MDPSA-Gray,WaveBlaster 800,131.95,85.75
HT742MDPSA-LG,WaveBlaster 800,131.95,85.75
HT742MDPSA-RBLU,WaveBlaster 800,131.95,85.75
HT742MDPSA-RED,WaveBlaster 800,131.95,85.75
HT742MDPSA-WHT,WaveBlaster 800,131.95,85.75
HT74-2TDPSA-BLK-BLU,WaveBlaster,158.95,103.3
HT74-2TDPSA-BLK-DKGR,WaveBlaster,158.95,103.3
HT74-2TDPSA-BLK-GRA,WaveBlaster,158.95,103.3
HT74-2TDPSA-BLK-LG,WaveBlaster,158.95,103.3
HT74-2TDPSA-BLK-ORAN,WaveBlaster,158.95,103.3
HT74-2TDPSA-BLK-PINK,WaveBlaster,158.95,103.3
HT74-2TDPSA-BLK-RED,WaveBlaster,158.95,103.3
HT74-2TDPSA-BLK-WHT,WaveBlaster,158.95,103.3
HT74-2TDPSA-BLK-YELL,WaveBlaster,158.95,103.3
HT74-2TDPSA-BLU-BLK,WaveBlaster,158.95,103.3
HT74-2TDPSA-DKG-BLK,WaveBlaster,158.95,103.3
HT74-2TDPSA-GRA-BLK,WaveBlaster,158.95,103.3
HT74-2TDPSA-LG-BLK,WaveBlaster,158.95,103.3
HT74-2TDPSA-RED-BLK,WaveBlaster,158.95,103.3
HT74-2TGPSA-BLK-BLU,WaveBlaster,158.95,103.3
HT74-2TGPSA-BLK-DKGR,WaveBlaster,158.95,103.3
HT74-2TGPSA-BLK-GRA,WaveBlaster,158.95,103.3
HT74-2TGPSA-BLK-LG,WaveBlaster,158.95,103.3
HT74-2TGPSA-BLK-ORAN,WaveBlaster,158.95,103.3
HT74-2TGPSA-BLK-PINK,WaveBlaster,158.95,103.3
HT74-2TGPSA-BLK-RED,WaveBlaster,158.95,103.3
HT74-2TGPSA-BLK-WHT,WaveBlaster,158.95,103.3
HT74-2TGPSA-BLK-YELL,WaveBlaster,158.95,103.3
HT74-2TGPSA-BLU-BLK,WaveBlaster,158.95,103.3
HT74-2TGPSA-DKG-BLK,WaveBlaster,158.95,103.3
HT74-2TGPSA-GRA-BLK,WaveBlaster,158.95,103.3
HT74-2TGPSA-LG-BLK,WaveBlaster,158.95,103.3
HT74-2TGPSA-RED-BLK,WaveBlaster,158.95,103.3
HT74DPSA-BLCA,WaveBlaster,131.95,85.75
HT74DPSA-BLK,WaveBlaster,131.95,85.75
HT74DPSA-BLMA,WaveBlaster,131.95,85.75
HT74DPSA-DBlU,WaveBlaster,131.95,85.75
HT74DPSA-DKGR,WaveBlaster,131.95,85.75
HT74DPSA-Gray,WaveBlaster,131.95,85.75
HT74DPSA-GRCA,WaveBlaster,131.95,85.75
HT74DPSA-LG,WaveBlaster,131.95,85.75
HT74DPSA-LGCA,WaveBlaster,131.95,85.75
HT74DPSA-LTBLU,WaveBlaster,131.95,85.75
HT74DPSA-ORAN,WaveBlaster,131.95,85.75
HT74DPSA-PINK,WaveBlaster,131.95,85.75
HT74DPSA-PLMA,WaveBlaster,131.95,85.75
HT74DPSA-PRPL,WaveBlaster,131.95,85.75
HT74DPSA-RBLU,WaveBlaster,131.95,85.75
HT74DPSA-RDCA,WaveBlaster,131.95,85.75
HT74DPSA-RED,WaveBlaster,131.95,85.75
HT74DPSA-RLMA,WaveBlaster,131.95,85.75
HT74DPSA-SNCA,WaveBlaster,131.95,85.75
HT74DPSA-WHT,WaveBlaster,131.95,85.75
HT74DPSA-Yell,WaveBlaster,131.95,85.75
HT74DPSA-YLCA,WaveBlaster,131.95,85.75
HT74GPSA-BLCA,WaveBlaster,131.95,85.75
HT74GPSA-BLK,WaveBlaster,131.95,85.75
HT74GPSA-BLMA,WaveBlaster,131.95,85.75
HT74GPSA-DBlU,WaveBlaster,131.95,85.75
HT74GPSA-DKGR,WaveBlaster,131.95,85.75
HT74GPSA-Gray,WaveBlaster,131.95,85.75
HT74GPSA-GRCA,WaveBlaster,131.95,85.75
HT74GPSA-LG,WaveBlaster,131.95,85.75
HT74GPSA-LGCA,WaveBlaster,131.95,85.75
HT74GPSA-LTBLU,WaveBlaster,131.95,85.75
HT74GPSA-ORAN,WaveBlaster,131.95,85.75
HT74GPSA-PINK,WaveBlaster,131.95,85.75
HT74GPSA-PLMA,WaveBlaster,131.95,85.75
HT74GPSA-PRPL,WaveBlaster,131.95,85.75
HT74GPSA-RBLU,WaveBlaster,131.95,85.75
HT74GPSA-RDCA,WaveBlaster,131.95,85.75
HT74GPSA-RED,WaveBlaster,131.95,85.75
HT74GPSA-RLMA,WaveBlaster,131.95,85.75
HT74GPSA-SNCA,WaveBlaster,131.95,85.75
HT74GPSA-WHT,WaveBlaster,131.95,85.75
HT74GPSA-Yell,WaveBlaster,131.95,85.75
HT74GPSA-YLCA,WaveBlaster,131.95,85.75
HT74MDPSA-BLK,WaveBlaster,131.95,85.75
HT74MDPSA-DKGR,WaveBlaster,131.95,85.75
HT74MDPSA-Gray,WaveBlaster,131.95,85.75
HT74MDPSA-LG,WaveBlaster,131.95,85.75
HT74MDPSA-RBLU,WaveBlaster,131.95,85.75
HT74MDPSA-RED,WaveBlaster,131.95,85.75
HT74MDPSA-WHT,WaveBlaster,131.95,85.75
HT76-2TDPSA-BLK-BLU,WaveRaider,158.95,103.3
HT76-2TDPSA-BLK-DKGR,WaveRaider,158.95,103.3
HT76-2TDPSA-BLK-GRA,WaveRaider,158.95,103.3
HT76-2TDPSA-BLK-LG,WaveRaider,158.95,103.3
HT76-2TDPSA-BLK-ORAN,WaveRaider,158.95,103.3
HT76-2TDPSA-BLK-PINK,WaveRaider,158.95,103.3
HT76-2TDPSA-BLK-RED,WaveRaider,158.95,103.3
HT76-2TDPSA-BLK-WHT,WaveRaider,158.95,103.3
HT76-2TDPSA-BLK-YELL,WaveRaider,158.95,103.3
HT76-2TDPSA-BLU-BLK,WaveRaider,158.95,103.3
HT76-2TDPSA-DKG-BLK,WaveRaider,158.95,103.3
HT76-2TDPSA-GRA-BLK,WaveRaider,158.95,103.3
HT76-2TDPSA-LG-BLK,WaveRaider,158.95,103.3
HT76-2TDPSA-RED-BLK,WaveRaider,158.95,103.3
HT76-2TGPSA-BLK-BLU,WaveRaider,158.95,103.3
HT76-2TGPSA-BLK-DKGR,WaveRaider,158.95,103.3
HT76-2TGPSA-BLK-GRA,WaveRaider,158.95,103.3
HT76-2TGPSA-BLK-LG,WaveRaider,158.95,103.3
HT76-2TGPSA-BLK-ORAN,WaveRaider,158.95,103.3
HT76-2TGPSA-BLK-PINK,WaveRaider,158.95,103.3
HT76-2TGPSA-BLK-RED,WaveRaider,158.95,103.3
HT76-2TGPSA-BLK-WHT,WaveRaider,158.95,103.3
HT76-2TGPSA-BLK-YELL,WaveRaider,158.95,103.3
HT76-2TGPSA-BLU-BLK,WaveRaider,158.95,103.3
HT76-2TGPSA-DKG-BLK,WaveRaider,158.95,103.3
HT76-2TGPSA-GRA-BLK,WaveRaider,158.95,103.3
HT76-2TGPSA-LG-BLK,WaveRaider,158.95,103.3
HT76-2TGPSA-RED-BLK,WaveRaider,158.95,103.3
HT76DPSA-BLCA,WaveRaider,131.95,85.75
HT76DPSA-BLK,WaveRaider,131.95,85.75
HT76DPSA-BLMA,WaveRaider,131.95,85.75
HT76DPSA-DBlU,WaveRaider,131.95,85.75
HT76DPSA-DKGR,WaveRaider,131.95,85.75
HT76DPSA-Gray,WaveRaider,131.95,85.75
HT76DPSA-GRCA,WaveRaider,131.95,85.75
HT76DPSA-LG,WaveRaider,131.95,85.75
HT76DPSA-LGCA,WaveRaider,131.95,85.75
HT76DPSA-LTBLU,WaveRaider,131.95,85.75
HT76DPSA-ORAN,WaveRaider,131.95,85.75
HT76DPSA-PINK,WaveRaider,131.95,85.75
HT76DPSA-PLMA,WaveRaider,131.95,85.75
HT76DPSA-PRPL,WaveRaider,131.95,85.75
HT76DPSA-RBLU,WaveRaider,131.95,85.75
HT76DPSA-RDCA,WaveRaider,131.95,85.75
HT76DPSA-RED,WaveRaider,131.95,85.75
HT76DPSA-RLMA,WaveRaider,131.95,85.75
HT76DPSA-SNCA,WaveRaider,131.95,85.75
HT76DPSA-WHT,WaveRaider,131.95,85.75
HT76DPSA-Yell,WaveRaider,131.95,85.75
HT76DPSA-YLCA,WaveRaider,131.95,85.75
HT76GPSA-BLCA,WaveRaider,131.95,85.75
HT76GPSA-BLK,WaveRaider,131.95,85.75
HT76GPSA-BLMA,WaveRaider,131.95,85.75
HT76GPSA-DBlU,WaveRaider,131.95,85.75
HT76GPSA-DKGR,WaveRaider,131.95,85.75
HT76GPSA-Gray,WaveRaider,131.95,85.75
HT76GPSA-GRCA,WaveRaider,131.95,85.75
HT76GPSA-LG,WaveRaider,131.95,85.75
HT76GPSA-LGCA,WaveRaider,131.95,85.75
HT76GPSA-LTBLU,WaveRaider,131.95,85.75
HT76GPSA-ORAN,WaveRaider,131.95,85.75
HT76GPSA-PINK,WaveRaider,131.95,85.75
HT76GPSA-PLMA,WaveRaider,131.95,85.75
HT76GPSA-PRPL,WaveRaider,131.95,85.75
HT76GPSA-RBLU,WaveRaider,131.95,85.75
HT76GPSA-RDCA,WaveRaider,131.95,85.75
HT76GPSA-RED,WaveRaider,131.95,85.75
HT76GPSA-RLMA,WaveRaider,131.95,85.75
HT76GPSA-SNCA,WaveRaider,131.95,85.75
HT76GPSA-WHT,WaveRaider,131.95,85.75
HT76GPSA-Yell,WaveRaider,131.95,85.75
HT76GPSA-YLCA,WaveRaider,131.95,85.75
HT76MDPSA-BLK,WaveRaider,131.95,85.75
HT76MDPSA-DKGR,WaveRaider,131.95,85.75
HT76MDPSA-Gray,WaveRaider,131.95,85.75
HT76MDPSA-LG,WaveRaider,131.95,85.75
HT76MDPSA-RBLU,WaveRaider,131.95,85.75
HT76MDPSA-RED,WaveRaider,131.95,85.75
HT76MDPSA-WHT,WaveRaider,131.95,85.75
HT77-2TDPSA-BLK-BLU,VXR / VXR Pro (Pre 2010),158.95,103.3
HT77-2TDPSA-BLK-DKGR,VXR / VXR Pro (Pre 2010),158.95,103.3
HT77-2TDPSA-BLK-GRA,VXR / VXR Pro (Pre 2010),158.95,103.3
HT77-2TDPSA-BLK-LG,VXR / VXR Pro (Pre 2010),158.95,103.3
HT77-2TDPSA-BLK-ORAN,VXR / VXR Pro (Pre 2010),158.95,103.3
HT77-2TDPSA-BLK-PINK,VXR / VXR Pro (Pre 2010),158.95,103.3
HT77-2TDPSA-BLK-RED,VXR / VXR Pro (Pre 2010),158.95,103.3
HT77-2TDPSA-BLK-WHT,VXR / VXR Pro (Pre 2010),158.95,103.3
HT77-2TDPSA-BLK-YELL,VXR / VXR Pro (Pre 2010),158.95,103.3
HT77-2TDPSA-BLU-BLK,VXR / VXR Pro (Pre 2010),158.95,103.3
HT77-2TDPSA-DKG-BLK,VXR / VXR Pro (Pre 2010),158.95,103.3
HT77-2TDPSA-GRA-BLK,VXR / VXR Pro (Pre 2010),158.95,103.3
HT77-2TDPSA-LG-BLK,VXR / VXR Pro (Pre 2010),158.95,103.3
HT77-2TDPSA-RED-BLK,VXR / VXR Pro (Pre 2010),158.95,103.3
HT77-2TGPSA-BLK-BLU,VXR / VXR Pro (Pre 2010),158.95,103.3
HT77-2TGPSA-BLK-DKGR,VXR / VXR Pro (Pre 2010),158.95,103.3
HT77-2TGPSA-BLK-GRA,VXR / VXR Pro (Pre 2010),158.95,103.3
HT77-2TGPSA-BLK-LG,VXR / VXR Pro (Pre 2010),158.95,103.3
HT77-2TGPSA-BLK-ORAN,VXR / VXR Pro (Pre 2010),158.95,103.3
HT77-2TGPSA-BLK-PINK,VXR / VXR Pro (Pre 2010),158.95,103.3
HT77-2TGPSA-BLK-RED,VXR / VXR Pro (Pre 2010),158.95,103.3
HT77-2TGPSA-BLK-WHT,VXR / VXR Pro (Pre 2010),158.95,103.3
HT77-2TGPSA-BLK-YELL,VXR / VXR Pro (Pre 2010),158.95,103.3
HT77-2TGPSA-BLU-BLK,VXR / VXR Pro (Pre 2010),158.95,103.3
HT77-2TGPSA-DKG-BLK,VXR / VXR Pro (Pre 2010),158.95,103.3
HT77-2TGPSA-GRA-BLK,VXR / VXR Pro (Pre 2010),158.95,103.3
HT77-2TGPSA-LG-BLK,VXR / VXR Pro (Pre 2010),158.95,103.3
HT77-2TGPSA-RED-BLK,VXR / VXR Pro (Pre 2010),158.95,103.3
HT77DPSA-BLCA,VXR / VXR Pro (Pre 2010),131.95,85.75
HT77DPSA-BLK,VXR / VXR Pro (Pre 2010),131.95,85.75
HT77DPSA-BLMA,VXR / VXR Pro (Pre 2010),131.95,85.75
HT77DPSA-DBlU,VXR / VXR Pro (Pre 2010),131.95,85.75
HT77DPSA-DKGR,VXR / VXR Pro (Pre 2010),131.95,85.75
HT77DPSA-Gray,VXR / VXR Pro (Pre 2010),131.95,85.75
HT77DPSA-GRCA,VXR / VXR Pro (Pre 2010),131.95,85.75
HT77DPSA-LG,VXR / VXR Pro (Pre 2010),131.95,85.75
HT77DPSA-LGCA,VXR / VXR Pro (Pre 2010),131.95,85.75
HT77DPSA-LTBLU,VXR / VXR Pro (Pre 2010),131.95,85.75
HT77DPSA-ORAN,VXR / VXR Pro (Pre 2010),131.95,85.75
HT77DPSA-PINK,VXR / VXR Pro (Pre 2010),131.95,85.75
HT77DPSA-PLMA,VXR / VXR Pro (Pre 2010),131.95,85.75
HT77DPSA-PRPL,VXR / VXR Pro (Pre 2010),131.95,85.75
HT77DPSA-RBLU,VXR / VXR Pro (Pre 2010),131.95,85.75
HT77DPSA-RDCA,VXR / VXR Pro (Pre 2010),131.95,85.75
HT77DPSA-RED,VXR / VXR Pro (Pre 2010),131.95,85.75
HT77DPSA-RLMA,VXR / VXR Pro (Pre 2010),131.95,85.75
HT77DPSA-SNCA,VXR / VXR Pro (Pre 2010),131.95,85.75
HT77DPSA-WHT,VXR / VXR Pro (Pre 2010),131.95,85.75
HT77DPSA-Yell,VXR / VXR Pro (Pre 2010),131.95,85.75
HT77DPSA-YLCA,VXR / VXR Pro (Pre 2010),131.95,85.75
HT77GPSA-BLCA,VXR / VXR Pro (Pre 2010),131.95,85.75
HT77GPSA-BLK,VXR / VXR Pro (Pre 2010),131.95,85.75
HT77GPSA-BLMA,VXR / VXR Pro (Pre 2010),131.95,85.75
HT77GPSA-DBlU,VXR / VXR Pro (Pre 2010),131.95,85.75
HT77GPSA-DKGR,VXR / VXR Pro (Pre 2010),131.95,85.75
HT77GPSA-Gray,VXR / VXR Pro (Pre 2010),131.95,85.75
HT77GPSA-GRCA,VXR / VXR Pro (Pre 2010),131.95,85.75
HT77GPSA-LG,VXR / VXR Pro (Pre 2010),131.95,85.75
HT77GPSA-LGCA,VXR / VXR Pro (Pre 2010),131.95,85.75
HT77GPSA-LTBLU,VXR / VXR Pro (Pre 2010),131.95,85.75
HT77GPSA-ORAN,VXR / VXR Pro (Pre 2010),131.95,85.75
HT77GPSA-PINK,VXR / VXR Pro (Pre 2010),131.95,85.75
HT77GPSA-PLMA,VXR / VXR Pro (Pre 2010),131.95,85.75
HT77GPSA-PRPL,VXR / VXR Pro (Pre 2010),131.95,85.75
HT77GPSA-RBLU,VXR / VXR Pro (Pre 2010),131.95,85.75
HT77GPSA-RDCA,VXR / VXR Pro (Pre 2010),131.95,85.75
HT77GPSA-RED,VXR / VXR Pro (Pre 2010),131.95,85.75
HT77GPSA-RLMA,VXR / VXR Pro (Pre 2010),131.95,85.75
HT77GPSA-SNCA,VXR / VXR Pro (Pre 2010),131.95,85.75
HT77GPSA-WHT,VXR / VXR Pro (Pre 2010),131.95,85.75
HT77GPSA-Yell,VXR / VXR Pro (Pre 2010),131.95,85.75
HT77GPSA-YLCA,VXR / VXR Pro (Pre 2010),131.95,85.75
HT77MDPSA-BLK,VXR / VXR Pro (Pre 2010),131.95,85.75
HT77MDPSA-DKGR,VXR / VXR Pro (Pre 2010),131.95,85.75
HT77MDPSA-Gray,VXR / VXR Pro (Pre 2010),131.95,85.75
HT77MDPSA-LG,VXR / VXR Pro (Pre 2010),131.95,85.75
HT77MDPSA-RBLU,VXR / VXR Pro (Pre 2010),131.95,85.75
HT77MDPSA-RED,VXR / VXR Pro (Pre 2010),131.95,85.75
HT77MDPSA-WHT,VXR / VXR Pro (Pre 2010),131.95,85.75
HT78-2TDPSA-BLK-BLU,Venture / XL 1200 (98) / XL 700 & 760 (98-04),158.95,103.3
HT78-2TDPSA-BLK-DKGR,Venture / XL 1200 (98) / XL 700 & 760 (98-04),158.95,103.3
HT78-2TDPSA-BLK-GRA,Venture / XL 1200 (98) / XL 700 & 760 (98-04),158.95,103.3
HT78-2TDPSA-BLK-LG,Venture / XL 1200 (98) / XL 700 & 760 (98-04),158.95,103.3
HT78-2TDPSA-BLK-ORAN,Venture / XL 1200 (98) / XL 700 & 760 (98-04),158.95,103.3
HT78-2TDPSA-BLK-PINK,Venture / XL 1200 (98) / XL 700 & 760 (98-04),158.95,103.3
HT78-2TDPSA-BLK-RED,Venture / XL 1200 (98) / XL 700 & 760 (98-04),158.95,103.3
HT78-2TDPSA-BLK-WHT,Venture / XL 1200 (98) / XL 700 & 760 (98-04),158.95,103.3
HT78-2TDPSA-BLK-YELL,Venture / XL 1200 (98) / XL 700 & 760 (98-04),158.95,103.3
HT78-2TDPSA-BLU-BLK,Venture / XL 1200 (98) / XL 700 & 760 (98-04),158.95,103.3
HT78-2TDPSA-DKG-BLK,Venture / XL 1200 (98) / XL 700 & 760 (98-04),158.95,103.3
HT78-2TDPSA-GRA-BLK,Venture / XL 1200 (98) / XL 700 & 760 (98-04),158.95,103.3
HT78-2TDPSA-LG-BLK,Venture / XL 1200 (98) / XL 700 & 760 (98-04),158.95,103.3
HT78-2TDPSA-RED-BLK,Venture / XL 1200 (98) / XL 700 & 760 (98-04),158.95,103.3
HT78-2TGPSA-BLK-BLU,Venture / XL 1200 (98) / XL 700 & 760 (98-04),158.95,103.3
HT78-2TGPSA-BLK-DKGR,Venture / XL 1200 (98) / XL 700 & 760 (98-04),158.95,103.3
HT78-2TGPSA-BLK-GRA,Venture / XL 1200 (98) / XL 700 & 760 (98-04),158.95,103.3
HT78-2TGPSA-BLK-LG,Venture / XL 1200 (98) / XL 700 & 760 (98-04),158.95,103.3
HT78-2TGPSA-BLK-ORAN,Venture / XL 1200 (98) / XL 700 & 760 (98-04),158.95,103.3
HT78-2TGPSA-BLK-PINK,Venture / XL 1200 (98) / XL 700 & 760 (98-04),158.95,103.3
HT78-2TGPSA-BLK-RED,Venture / XL 1200 (98) / XL 700 & 760 (98-04),158.95,103.3
HT78-2TGPSA-BLK-WHT,Venture / XL 1200 (98) / XL 700 & 760 (98-04),158.95,103.3
HT78-2TGPSA-BLK-YELL,Venture / XL 1200 (98) / XL 700 & 760 (98-04),158.95,103.3
HT78-2TGPSA-BLU-BLK,Venture / XL 1200 (98) / XL 700 & 760 (98-04),158.95,103.3
HT78-2TGPSA-DKG-BLK,Venture / XL 1200 (98) / XL 700 & 760 (98-04),158.95,103.3
HT78-2TGPSA-GRA-BLK,Venture / XL 1200 (98) / XL 700 & 760 (98-04),158.95,103.3
HT78-2TGPSA-LG-BLK,Venture / XL 1200 (98) / XL 700 & 760 (98-04),158.95,103.3
HT78-2TGPSA-RED-BLK,Venture / XL 1200 (98) / XL 700 & 760 (98-04),158.95,103.3
HT784-2TDPSA-BLK-BLU,XL 1200 Ltd (99-04) / XL 800 / XLT 1200 / XLT 800,158.95,103.3
HT784-2TDPSA-BLK-DKG,XL 1200 Ltd (99-04) / XL 800 / XLT 1200 / XLT 800,158.95,103.3
HT784-2TDPSA-BLK-GRA,XL 1200 Ltd (99-04) / XL 800 / XLT 1200 / XLT 800,158.95,103.3
HT784-2TDPSA-BLK-LG,XL 1200 Ltd (99-04) / XL 800 / XLT 1200 / XLT 800,158.95,103.3
HT784-2TDPSA-BLK-ORA,XL 1200 Ltd (99-04) / XL 800 / XLT 1200 / XLT 800,158.95,103.3
HT784-2TDPSA-BLK-PIN,XL 1200 Ltd (99-04) / XL 800 / XLT 1200 / XLT 800,158.95,103.3
HT784-2TDPSA-BLK-RED,XL 1200 Ltd (99-04) / XL 800 / XLT 1200 / XLT 800,158.95,103.3
HT784-2TDPSA-BLK-WHT,XL 1200 Ltd (99-04) / XL 800 / XLT 1200 / XLT 800,158.95,103.3
HT784-2TDPSA-BLK-YL,XL 1200 Ltd (99-04) / XL 800 / XLT 1200 / XLT 800,158.95,103.3
HT784-2TDPSA-BLU-BLK,XL 1200 Ltd (99-04) / XL 800 / XLT 1200 / XLT 800,158.95,103.3
HT784-2TDPSA-DKG-BLK,XL 1200 Ltd (99-04) / XL 800 / XLT 1200 / XLT 800,158.95,103.3
HT784-2TDPSA-GRA-BLK,XL 1200 Ltd (99-04) / XL 800 / XLT 1200 / XLT 800,158.95,103.3
HT784-2TDPSA-LG-BLK,XL 1200 Ltd (99-04) / XL 800 / XLT 1200 / XLT 800,158.95,103.3
HT784-2TDPSA-RED-BLK,XL 1200 Ltd (99-04) / XL 800 / XLT 1200 / XLT 800,158.95,103.3
HT784-2TGPSA-BLK-BLU,XL 1200 Ltd (99-04) / XL 800 / XLT 1200 / XLT 800,158.95,103.3
HT784-2TGPSA-BLK-DKG,XL 1200 Ltd (99-04) / XL 800 / XLT 1200 / XLT 800,158.95,103.3
HT784-2TGPSA-BLK-GRA,XL 1200 Ltd (99-04) / XL 800 / XLT 1200 / XLT 800,158.95,103.3
HT784-2TGPSA-BLK-LG,XL 1200 Ltd (99-04) / XL 800 / XLT 1200 / XLT 800,158.95,103.3
HT784-2TGPSA-BLK-ORA,XL 1200 Ltd (99-04) / XL 800 / XLT 1200 / XLT 800,158.95,103.3
HT784-2TGPSA-BLK-PIN,XL 1200 Ltd (99-04) / XL 800 / XLT 1200 / XLT 800,158.95,103.3
HT784-2TGPSA-BLK-RED,XL 1200 Ltd (99-04) / XL 800 / XLT 1200 / XLT 800,158.95,103.3
HT784-2TGPSA-BLK-WHT,XL 1200 Ltd (99-04) / XL 800 / XLT 1200 / XLT 800,158.95,103.3
HT784-2TGPSA-BLK-YL,XL 1200 Ltd (99-04) / XL 800 / XLT 1200 / XLT 800,158.95,103.3
HT784-2TGPSA-BLU-BLK,XL 1200 Ltd (99-04) / XL 800 / XLT 1200 / XLT 800,158.95,103.3
HT784-2TGPSA-DKG-BLK,XL 1200 Ltd (99-04) / XL 800 / XLT 1200 / XLT 800,158.95,103.3
HT784-2TGPSA-GRA-BLK,XL 1200 Ltd (99-04) / XL 800 / XLT 1200 / XLT 800,158.95,103.3
HT784-2TGPSA-LG-BLK,XL 1200 Ltd (99-04) / XL 800 / XLT 1200 / XLT 800,158.95,103.3
HT784-2TGPSA-RED-BLK,XL 1200 Ltd (99-04) / XL 800 / XLT 1200 / XLT 800,158.95,103.3
HT784DPSA-BLCA,XL 1200 Ltd (99-04) / XL 800 / XLT 1200 / XLT 800,131.95,85.75
HT784DPSA-BLK,XL 1200 Ltd (99-04) / XL 800 / XLT 1200 / XLT 800,131.95,85.75
HT784DPSA-BLMA,XL 1200 Ltd (99-04) / XL 800 / XLT 1200 / XLT 800,131.95,85.75
HT784DPSA-DBlU,XL 1200 Ltd (99-04) / XL 800 / XLT 1200 / XLT 800,131.95,85.75
HT784DPSA-DKGR,XL 1200 Ltd (99-04) / XL 800 / XLT 1200 / XLT 800,131.95,85.75
HT784DPSA-Gray,XL 1200 Ltd (99-04) / XL 800 / XLT 1200 / XLT 800,131.95,85.75
HT784DPSA-GRCA,XL 1200 Ltd (99-04) / XL 800 / XLT 1200 / XLT 800,131.95,85.75
HT784DPSA-LG,XL 1200 Ltd (99-04) / XL 800 / XLT 1200 / XLT 800,131.95,85.75
HT784DPSA-LGCA,XL 1200 Ltd (99-04) / XL 800 / XLT 1200 / XLT 800,131.95,85.75
HT784DPSA-LTBLU,XL 1200 Ltd (99-04) / XL 800 / XLT 1200 / XLT 800,131.95,85.75
HT784DPSA-ORAN,XL 1200 Ltd (99-04) / XL 800 / XLT 1200 / XLT 800,131.95,85.75
HT784DPSA-PINK,XL 1200 Ltd (99-04) / XL 800 / XLT 1200 / XLT 800,131.95,85.75
HT784DPSA-PLMA,XL 1200 Ltd (99-04) / XL 800 / XLT 1200 / XLT 800,131.95,85.75
HT784DPSA-PRPL,XL 1200 Ltd (99-04) / XL 800 / XLT 1200 / XLT 800,131.95,85.75
HT784DPSA-RBLU,XL 1200 Ltd (99-04) / XL 800 / XLT 1200 / XLT 800,131.95,85.75
HT784DPSA-RDCA,XL 1200 Ltd (99-04) / XL 800 / XLT 1200 / XLT 800,131.95,85.75
HT784DPSA-RED,XL 1200 Ltd (99-04) / XL 800 / XLT 1200 / XLT 800,131.95,85.75
HT784DPSA-RLMA,XL 1200 Ltd (99-04) / XL 800 / XLT 1200 / XLT 800,131.95,85.75
HT784DPSA-SNCA,XL 1200 Ltd (99-04) / XL 800 / XLT 1200 / XLT 800,131.95,85.75
HT784DPSA-WHT,XL 1200 Ltd (99-04) / XL 800 / XLT 1200 / XLT 800,131.95,85.75
HT784DPSA-Yell,XL 1200 Ltd (99-04) / XL 800 / XLT 1200 / XLT 800,131.95,85.75
HT784DPSA-YLCA,XL 1200 Ltd (99-04) / XL 800 / XLT 1200 / XLT 800,131.95,85.75
HT784GPSA-BLCA,XL 1200 Ltd (99-04) / XL 800 / XLT 1200 / XLT 800,131.95,85.75
HT784GPSA-BLK,XL 1200 Ltd (99-04) / XL 800 / XLT 1200 / XLT 800,131.95,85.75
HT784GPSA-BLMA,XL 1200 Ltd (99-04) / XL 800 / XLT 1200 / XLT 800,131.95,85.75
HT784GPSA-DBlU,XL 1200 Ltd (99-04) / XL 800 / XLT 1200 / XLT 800,131.95,85.75
HT784GPSA-DKGR,XL 1200 Ltd (99-04) / XL 800 / XLT 1200 / XLT 800,131.95,85.75
HT784GPSA-Gray,XL 1200 Ltd (99-04) / XL 800 / XLT 1200 / XLT 800,131.95,85.75
HT784GPSA-GRCA,XL 1200 Ltd (99-04) / XL 800 / XLT 1200 / XLT 800,131.95,85.75
HT784GPSA-LG,XL 1200 Ltd (99-04) / XL 800 / XLT 1200 / XLT 800,131.95,85.75
HT784GPSA-LGCA,XL 1200 Ltd (99-04) / XL 800 / XLT 1200 / XLT 800,131.95,85.75
HT784GPSA-LTBLU,XL 1200 Ltd (99-04) / XL 800 / XLT 1200 / XLT 800,131.95,85.75
HT784GPSA-ORAN,XL 1200 Ltd (99-04) / XL 800 / XLT 1200 / XLT 800,131.95,85.75
HT784GPSA-PINK,XL 1200 Ltd (99-04) / XL 800 / XLT 1200 / XLT 800,131.95,85.75
HT784GPSA-PLMA,XL 1200 Ltd (99-04) / XL 800 / XLT 1200 / XLT 800,131.95,85.75
HT784GPSA-PRPL,XL 1200 Ltd (99-04) / XL 800 / XLT 1200 / XLT 800,131.95,85.75
HT784GPSA-RBLU,XL 1200 Ltd (99-04) / XL 800 / XLT 1200 / XLT 800,131.95,85.75
HT784GPSA-RDCA,XL 1200 Ltd (99-04) / XL 800 / XLT 1200 / XLT 800,131.95,85.75
HT784GPSA-RED,XL 1200 Ltd (99-04) / XL 800 / XLT 1200 / XLT 800,131.95,85.75
HT784GPSA-RLMA,XL 1200 Ltd (99-04) / XL 800 / XLT 1200 / XLT 800,131.95,85.75
HT784GPSA-SNCA,XL 1200 Ltd (99-04) / XL 800 / XLT 1200 / XLT 800,131.95,85.75
HT784GPSA-WHT,XL 1200 Ltd (99-04) / XL 800 / XLT 1200 / XLT 800,131.95,85.75
HT784GPSA-Yell,XL 1200 Ltd (99-04) / XL 800 / XLT 1200 / XLT 800,131.95,85.75
HT784GPSA-YLCA,XL 1200 Ltd (99-04) / XL 800 / XLT 1200 / XLT 800,131.95,85.75
HT784MDPSA-BLK,XL 1200 Ltd (99-04) / XL 800 / XLT 1200 / XLT 800,131.95,85.75
HT784MDPSA-DKGR,XL 1200 Ltd (99-04) / XL 800 / XLT 1200 / XLT 800,131.95,85.75
HT784MDPSA-Gray,XL 1200 Ltd (99-04) / XL 800 / XLT 1200 / XLT 800,131.95,85.75
HT784MDPSA-LG,XL 1200 Ltd (99-04) / XL 800 / XLT 1200 / XLT 800,131.95,85.75
HT784MDPSA-RBLU,XL 1200 Ltd (99-04) / XL 800 / XLT 1200 / XLT 800,131.95,85.75
HT784MDPSA-RED,XL 1200 Ltd (99-04) / XL 800 / XLT 1200 / XLT 800,131.95,85.75
HT784MDPSA-WHT,XL 1200 Ltd (99-04) / XL 800 / XLT 1200 / XLT 800,131.95,85.75
HT78DPSA-BLCA,Venture / XL 1200 (98) / XL 700 & 760 (98-04),131.95,85.75
HT78DPSA-BLK,Venture / XL 1200 (98) / XL 700 & 760 (98-04),131.95,85.75
HT78DPSA-BLMA,Venture / XL 1200 (98) / XL 700 & 760 (98-04),131.95,85.75
HT78DPSA-DBlU,Venture / XL 1200 (98) / XL 700 & 760 (98-04),131.95,85.75
HT78DPSA-DKGR,Venture / XL 1200 (98) / XL 700 & 760 (98-04),131.95,85.75
HT78DPSA-Gray,Venture / XL 1200 (98) / XL 700 & 760 (98-04),131.95,85.75
HT78DPSA-GRCA,Venture / XL 1200 (98) / XL 700 & 760 (98-04),131.95,85.75
HT78DPSA-LG,Venture / XL 1200 (98) / XL 700 & 760 (98-04),131.95,85.75
HT78DPSA-LGCA,Venture / XL 1200 (98) / XL 700 & 760 (98-04),131.95,85.75
HT78DPSA-LTBLU,Venture / XL 1200 (98) / XL 700 & 760 (98-04),131.95,85.75
HT78DPSA-ORAN,Venture / XL 1200 (98) / XL 700 & 760 (98-04),131.95,85.75
HT78DPSA-PINK,Venture / XL 1200 (98) / XL 700 & 760 (98-04),131.95,85.75
HT78DPSA-PLMA,Venture / XL 1200 (98) / XL 700 & 760 (98-04),131.95,85.75
HT78DPSA-PRPL,Venture / XL 1200 (98) / XL 700 & 760 (98-04),131.95,85.75
HT78DPSA-RBLU,Venture / XL 1200 (98) / XL 700 & 760 (98-04),131.95,85.75
HT78DPSA-RDCA,Venture / XL 1200 (98) / XL 700 & 760 (98-04),131.95,85.75
HT78DPSA-RED,Venture / XL 1200 (98) / XL 700 & 760 (98-04),131.95,85.75
HT78DPSA-RLMA,Venture / XL 1200 (98) / XL 700 & 760 (98-04),131.95,85.75
HT78DPSA-SNCA,Venture / XL 1200 (98) / XL 700 & 760 (98-04),131.95,85.75
HT78DPSA-WHT,Venture / XL 1200 (98) / XL 700 & 760 (98-04),131.95,85.75
HT78DPSA-Yell,Venture / XL 1200 (98) / XL 700 & 760 (98-04),131.95,85.75
HT78DPSA-YLCA,Venture / XL 1200 (98) / XL 700 & 760 (98-04),131.95,85.75
HT78GPSA-BLCA,Venture / XL 1200 (98) / XL 700 & 760 (98-04),131.95,85.75
HT78GPSA-BLK,Venture / XL 1200 (98) / XL 700 & 760 (98-04),131.95,85.75
HT78GPSA-BLMA,Venture / XL 1200 (98) / XL 700 & 760 (98-04),131.95,85.75
HT78GPSA-DBlU,Venture / XL 1200 (98) / XL 700 & 760 (98-04),131.95,85.75
HT78GPSA-DKGR,Venture / XL 1200 (98) / XL 700 & 760 (98-04),131.95,85.75
HT78GPSA-Gray,Venture / XL 1200 (98) / XL 700 & 760 (98-04),131.95,85.75
HT78GPSA-GRCA,Venture / XL 1200 (98) / XL 700 & 760 (98-04),131.95,85.75
HT78GPSA-LG,Venture / XL 1200 (98) / XL 700 & 760 (98-04),131.95,85.75
HT78GPSA-LGCA,Venture / XL 1200 (98) / XL 700 & 760 (98-04),131.95,85.75
HT78GPSA-LTBLU,Venture / XL 1200 (98) / XL 700 & 760 (98-04),131.95,85.75
HT78GPSA-ORAN,Venture / XL 1200 (98) / XL 700 & 760 (98-04),131.95,85.75
HT78GPSA-PINK,Venture / XL 1200 (98) / XL 700 & 760 (98-04),131.95,85.75
HT78GPSA-PLMA,Venture / XL 1200 (98) / XL 700 & 760 (98-04),131.95,85.75
HT78GPSA-PRPL,Venture / XL 1200 (98) / XL 700 & 760 (98-04),131.95,85.75
HT78GPSA-RBLU,Venture / XL 1200 (98) / XL 700 & 760 (98-04),131.95,85.75
HT78GPSA-RDCA,Venture / XL 1200 (98) / XL 700 & 760 (98-04),131.95,85.75
HT78GPSA-RED,Venture / XL 1200 (98) / XL 700 & 760 (98-04),131.95,85.75
HT78GPSA-RLMA,Venture / XL 1200 (98) / XL 700 & 760 (98-04),131.95,85.75
HT78GPSA-SNCA,Venture / XL 1200 (98) / XL 700 & 760 (98-04),131.95,85.75
HT78GPSA-WHT,Venture / XL 1200 (98) / XL 700 & 760 (98-04),131.95,85.75
HT78GPSA-Yell,Venture / XL 1200 (98) / XL 700 & 760 (98-04),131.95,85.75
HT78GPSA-YLCA,Venture / XL 1200 (98) / XL 700 & 760 (98-04),131.95,85.75
HT78MDPSA-BLK,Venture / XL 1200 (98) / XL 700 & 760 (98-04),131.95,85.75
HT78MDPSA-DKGR,Venture / XL 1200 (98) / XL 700 & 760 (98-04),131.95,85.75
HT78MDPSA-Gray,Venture / XL 1200 (98) / XL 700 & 760 (98-04),131.95,85.75
HT78MDPSA-LG,Venture / XL 1200 (98) / XL 700 & 760 (98-04),131.95,85.75
HT78MDPSA-RBLU,Venture / XL 1200 (98) / XL 700 & 760 (98-04),131.95,85.75
HT78MDPSA-RED,Venture / XL 1200 (98) / XL 700 & 760 (98-04),131.95,85.75
HT78MDPSA-WHT,Venture / XL 1200 (98) / XL 700 & 760 (98-04),131.95,85.75
HT791-2TDPSA-BLK-BLU,GP 800R (01-05) / GP 1200R (00-02) / GP 1300R (03-08),158.95,103.3
HT791-2TDPSA-BLK-DKG,GP 800R (01-05) / GP 1200R (00-02) / GP 1300R (03-08),158.95,103.3
HT791-2TDPSA-BLK-GRA,GP 800R (01-05) / GP 1200R (00-02) / GP 1300R (03-08),158.95,103.3
HT791-2TDPSA-BLK-LG,GP 800R (01-05) / GP 1200R (00-02) / GP 1300R (03-08),158.95,103.3
HT791-2TDPSA-BLK-ORA,GP 800R (01-05) / GP 1200R (00-02) / GP 1300R (03-08),158.95,103.3
HT791-2TDPSA-BLK-PIN,GP 800R (01-05) / GP 1200R (00-02) / GP 1300R (03-08),158.95,103.3
HT791-2TDPSA-BLK-RED,GP 800R (01-05) / GP 1200R (00-02) / GP 1300R (03-08),158.95,103.3
HT791-2TDPSA-BLK-WHT,GP 800R (01-05) / GP 1200R (00-02) / GP 1300R (03-08),158.95,103.3
HT791-2TDPSA-BLK-YL,GP 800R (01-05) / GP 1200R (00-02) / GP 1300R (03-08),158.95,103.3
HT791-2TDPSA-BLU-BLK,GP 800R (01-05) / GP 1200R (00-02) / GP 1300R (03-08),158.95,103.3
HT791-2TDPSA-DKG-BLK,GP 800R (01-05) / GP 1200R (00-02) / GP 1300R (03-08),158.95,103.3
HT791-2TDPSA-GRA-BLK,GP 800R (01-05) / GP 1200R (00-02) / GP 1300R (03-08),158.95,103.3
HT791-2TDPSA-LG-BLK,GP 800R (01-05) / GP 1200R (00-02) / GP 1300R (03-08),158.95,103.3
HT791-2TDPSA-RED-BLK,GP 800R (01-05) / GP 1200R (00-02) / GP 1300R (03-08),158.95,103.3
HT791-2TGPSA-BLK-BLU,GP 800R (01-05) / GP 1200R (00-02) / GP 1300R (03-08),158.95,103.3
HT791-2TGPSA-BLK-DKG,GP 800R (01-05) / GP 1200R (00-02) / GP 1300R (03-08),158.95,103.3
HT791-2TGPSA-BLK-GRA,GP 800R (01-05) / GP 1200R (00-02) / GP 1300R (03-08),158.95,103.3
HT791-2TGPSA-BLK-LG,GP 800R (01-05) / GP 1200R (00-02) / GP 1300R (03-08),158.95,103.3
HT791-2TGPSA-BLK-ORA,GP 800R (01-05) / GP 1200R (00-02) / GP 1300R (03-08),158.95,103.3
HT791-2TGPSA-BLK-PIN,GP 800R (01-05) / GP 1200R (00-02) / GP 1300R (03-08),158.95,103.3
HT791-2TGPSA-BLK-RED,GP 800R (01-05) / GP 1200R (00-02) / GP 1300R (03-08),158.95,103.3
HT791-2TGPSA-BLK-WHT,GP 800R (01-05) / GP 1200R (00-02) / GP 1300R (03-08),158.95,103.3
HT791-2TGPSA-BLK-YL,GP 800R (01-05) / GP 1200R (00-02) / GP 1300R (03-08),158.95,103.3
HT791-2TGPSA-BLU-BLK,GP 800R (01-05) / GP 1200R (00-02) / GP 1300R (03-08),158.95,103.3
HT791-2TGPSA-DKG-BLK,GP 800R (01-05) / GP 1200R (00-02) / GP 1300R (03-08),158.95,103.3
HT791-2TGPSA-GRA-BLK,GP 800R (01-05) / GP 1200R (00-02) / GP 1300R (03-08),158.95,103.3
HT791-2TGPSA-LG-BLK,GP 800R (01-05) / GP 1200R (00-02) / GP 1300R (03-08),158.95,103.3
HT791-2TGPSA-RED-BLK,GP 800R (01-05) / GP 1200R (00-02) / GP 1300R (03-08),158.95,103.3
HT791DPSA-BLCA,GP 800R (01-05) / GP 1200R (00-02) / GP 1300R (03-08),131.95,85.75
HT791DPSA-BLK,GP 800R (01-05) / GP 1200R (00-02) / GP 1300R (03-08),131.95,85.75
HT791DPSA-BLMA,GP 800R (01-05) / GP 1200R (00-02) / GP 1300R (03-08),131.95,85.75
HT791DPSA-DBlU,GP 800R (01-05) / GP 1200R (00-02) / GP 1300R (03-08),131.95,85.75
HT791DPSA-DKGR,GP 800R (01-05) / GP 1200R (00-02) / GP 1300R (03-08),131.95,85.75
HT791DPSA-Gray,GP 800R (01-05) / GP 1200R (00-02) / GP 1300R (03-08),131.95,85.75
HT791DPSA-GRCA,GP 800R (01-05) / GP 1200R (00-02) / GP 1300R (03-08),131.95,85.75
HT791DPSA-LG,GP 800R (01-05) / GP 1200R (00-02) / GP 1300R (03-08),131.95,85.75
HT791DPSA-LGCA,GP 800R (01-05) / GP 1200R (00-02) / GP 1300R (03-08),131.95,85.75
HT791DPSA-LTBLU,GP 800R (01-05) / GP 1200R (00-02) / GP 1300R (03-08),131.95,85.75
HT791DPSA-ORAN,GP 800R (01-05) / GP 1200R (00-02) / GP 1300R (03-08),131.95,85.75
HT791DPSA-PINK,GP 800R (01-05) / GP 1200R (00-02) / GP 1300R (03-08),131.95,85.75
HT791DPSA-PLMA,GP 800R (01-05) / GP 1200R (00-02) / GP 1300R (03-08),131.95,85.75
HT791DPSA-PRPL,GP 800R (01-05) / GP 1200R (00-02) / GP 1300R (03-08),131.95,85.75
HT791DPSA-RBLU,GP 800R (01-05) / GP 1200R (00-02) / GP 1300R (03-08),131.95,85.75
HT791DPSA-RDCA,GP 800R (01-05) / GP 1200R (00-02) / GP 1300R (03-08),131.95,85.75
HT791DPSA-RED,GP 800R (01-05) / GP 1200R (00-02) / GP 1300R (03-08),131.95,85.75
HT791DPSA-RLMA,GP 800R (01-05) / GP 1200R (00-02) / GP 1300R (03-08),131.95,85.75
HT791DPSA-SNCA,GP 800R (01-05) / GP 1200R (00-02) / GP 1300R (03-08),131.95,85.75
HT791DPSA-WHT,GP 800R (01-05) / GP 1200R (00-02) / GP 1300R (03-08),131.95,85.75
HT791DPSA-Yell,GP 800R (01-05) / GP 1200R (00-02) / GP 1300R (03-08),131.95,85.75
HT791DPSA-YLCA,GP 800R (01-05) / GP 1200R (00-02) / GP 1300R (03-08),131.95,85.75
HT791GPSA-BLCA,GP 800R (01-05) / GP 1200R (00-02) / GP 1300R (03-08),131.95,85.75
HT791GPSA-BLK,GP 800R (01-05) / GP 1200R (00-02) / GP 1300R (03-08),131.95,85.75
HT791GPSA-BLMA,GP 800R (01-05) / GP 1200R (00-02) / GP 1300R (03-08),131.95,85.75
HT791GPSA-DBlU,GP 800R (01-05) / GP 1200R (00-02) / GP 1300R (03-08),131.95,85.75
HT791GPSA-DKGR,GP 800R (01-05) / GP 1200R (00-02) / GP 1300R (03-08),131.95,85.75
HT791GPSA-Gray,GP 800R (01-05) / GP 1200R (00-02) / GP 1300R (03-08),131.95,85.75
HT791GPSA-GRCA,GP 800R (01-05) / GP 1200R (00-02) / GP 1300R (03-08),131.95,85.75
HT791GPSA-LG,GP 800R (01-05) / GP 1200R (00-02) / GP 1300R (03-08),131.95,85.75
HT791GPSA-LGCA,GP 800R (01-05) / GP 1200R (00-02) / GP 1300R (03-08),131.95,85.75
HT791GPSA-LTBLU,GP 800R (01-05) / GP 1200R (00-02) / GP 1300R (03-08),131.95,85.75
HT791GPSA-ORAN,GP 800R (01-05) / GP 1200R (00-02) / GP 1300R (03-08),131.95,85.75
HT791GPSA-PINK,GP 800R (01-05) / GP 1200R (00-02) / GP 1300R (03-08),131.95,85.75
HT791GPSA-PLMA,GP 800R (01-05) / GP 1200R (00-02) / GP 1300R (03-08),131.95,85.75
HT791GPSA-PRPL,GP 800R (01-05) / GP 1200R (00-02) / GP 1300R (03-08),131.95,85.75
HT791GPSA-RBLU,GP 800R (01-05) / GP 1200R (00-02) / GP 1300R (03-08),131.95,85.75
HT791GPSA-RDCA,GP 800R (01-05) / GP 1200R (00-02) / GP 1300R (03-08),131.95,85.75
HT791GPSA-RED,GP 800R (01-05) / GP 1200R (00-02) / GP 1300R (03-08),131.95,85.75
HT791GPSA-RLMA,GP 800R (01-05) / GP 1200R (00-02) / GP 1300R (03-08),131.95,85.75
HT791GPSA-SNCA,GP 800R (01-05) / GP 1200R (00-02) / GP 1300R (03-08),131.95,85.75
HT791GPSA-WHT,GP 800R (01-05) / GP 1200R (00-02) / GP 1300R (03-08),131.95,85.75
HT791GPSA-Yell,GP 800R (01-05) / GP 1200R (00-02) / GP 1300R (03-08),131.95,85.75
HT791GPSA-YLCA,GP 800R (01-05) / GP 1200R (00-02) / GP 1300R (03-08),131.95,85.75
HT791MDPSA-BLK,GP 800R (01-05) / GP 1200R (00-02) / GP 1300R (03-08),131.95,85.75
HT791MDPSA-DKGR,GP 800R (01-05) / GP 1200R (00-02) / GP 1300R (03-08),131.95,85.75
HT791MDPSA-Gray,GP 800R (01-05) / GP 1200R (00-02) / GP 1300R (03-08),131.95,85.75
HT791MDPSA-LG,GP 800R (01-05) / GP 1200R (00-02) / GP 1300R (03-08),131.95,85.75
HT791MDPSA-RBLU,GP 800R (01-05) / GP 1200R (00-02) / GP 1300R (03-08),131.95,85.75
HT791MDPSA-RED,GP 800R (01-05) / GP 1200R (00-02) / GP 1300R (03-08),131.95,85.75
HT791MDPSA-WHT,GP 800R (01-05) / GP 1200R (00-02) / GP 1300R (03-08),131.95,85.75
HT79-2TDPSA-BLK-BLU,GP / GP 1200R (99),158.95,103.3
HT79-2TDPSA-BLK-DKGR,GP / GP 1200R (99),158.95,103.3
HT79-2TDPSA-BLK-GRA,GP / GP 1200R (99),158.95,103.3
HT79-2TDPSA-BLK-LG,GP / GP 1200R (99),158.95,103.3
HT79-2TDPSA-BLK-ORAN,GP / GP 1200R (99),158.95,103.3
HT79-2TDPSA-BLK-PINK,GP / GP 1200R (99),158.95,103.3
HT79-2TDPSA-BLK-RED,GP / GP 1200R (99),158.95,103.3
HT79-2TDPSA-BLK-WHT,GP / GP 1200R (99),158.95,103.3
HT79-2TDPSA-BLK-YELL,GP / GP 1200R (99),158.95,103.3
HT79-2TDPSA-BLU-BLK,GP / GP 1200R (99),158.95,103.3
HT79-2TDPSA-DKG-BLK,GP / GP 1200R (99),158.95,103.3
HT79-2TDPSA-GRA-BLK,GP / GP 1200R (99),158.95,103.3
HT79-2TDPSA-LG-BLK,GP / GP 1200R (99),158.95,103.3
HT79-2TDPSA-RED-BLK,GP / GP 1200R (99),158.95,103.3
HT79-2TGPSA-BLK-BLU,GP / GP 1200R (99),158.95,103.3
HT79-2TGPSA-BLK-DKGR,GP / GP 1200R (99),158.95,103.3
HT79-2TGPSA-BLK-GRA,GP / GP 1200R (99),158.95,103.3
HT79-2TGPSA-BLK-LG,GP / GP 1200R (99),158.95,103.3
HT79-2TGPSA-BLK-ORAN,GP / GP 1200R (99),158.95,103.3
HT79-2TGPSA-BLK-PINK,GP / GP 1200R (99),158.95,103.3
HT79-2TGPSA-BLK-RED,GP / GP 1200R (99),158.95,103.3
HT79-2TGPSA-BLK-WHT,GP / GP 1200R (99),158.95,103.3
HT79-2TGPSA-BLK-YELL,GP / GP 1200R (99),158.95,103.3
HT79-2TGPSA-BLU-BLK,GP / GP 1200R (99),158.95,103.3
HT79-2TGPSA-DKG-BLK,GP / GP 1200R (99),158.95,103.3
HT79-2TGPSA-GRA-BLK,GP / GP 1200R (99),158.95,103.3
HT79-2TGPSA-LG-BLK,GP / GP 1200R (99),158.95,103.3
HT79-2TGPSA-RED-BLK,GP / GP 1200R (99),158.95,103.3
HT79DPSA-BLCA,GP / GP 1200R (99),131.95,85.75
HT79DPSA-BLK,GP / GP 1200R (99),131.95,85.75
HT79DPSA-BLMA,GP / GP 1200R (99),131.95,85.75
HT79DPSA-DBlU,GP / GP 1200R (99),131.95,85.75
HT79DPSA-DKGR,GP / GP 1200R (99),131.95,85.75
HT79DPSA-Gray,GP / GP 1200R (99),131.95,85.75
HT79DPSA-GRCA,GP / GP 1200R (99),131.95,85.75
HT79DPSA-LG,GP / GP 1200R (99),131.95,85.75
HT79DPSA-LGCA,GP / GP 1200R (99),131.95,85.75
HT79DPSA-LTBLU,GP / GP 1200R (99),131.95,85.75
HT79DPSA-ORAN,GP / GP 1200R (99),131.95,85.75
HT79DPSA-PINK,GP / GP 1200R (99),131.95,85.75
HT79DPSA-PLMA,GP / GP 1200R (99),131.95,85.75
HT79DPSA-PRPL,GP / GP 1200R (99),131.95,85.75
HT79DPSA-RBLU,GP / GP 1200R (99),131.95,85.75
HT79DPSA-RDCA,GP / GP 1200R (99),131.95,85.75
HT79DPSA-RED,GP / GP 1200R (99),131.95,85.75
HT79DPSA-RLMA,GP / GP 1200R (99),131.95,85.75
HT79DPSA-SNCA,GP / GP 1200R (99),131.95,85.75
HT79DPSA-WHT,GP / GP 1200R (99),131.95,85.75
HT79DPSA-Yell,GP / GP 1200R (99),131.95,85.75
HT79DPSA-YLCA,GP / GP 1200R (99),131.95,85.75
HT79GPSA-BLCA,GP / GP 1200R (99),131.95,85.75
HT79GPSA-BLK,GP / GP 1200R (99),131.95,85.75
HT79GPSA-BLMA,GP / GP 1200R (99),131.95,85.75
HT79GPSA-DBlU,GP / GP 1200R (99),131.95,85.75
HT79GPSA-DKGR,GP / GP 1200R (99),131.95,85.75
HT79GPSA-Gray,GP / GP 1200R (99),131.95,85.75
HT79GPSA-GRCA,GP / GP 1200R (99),131.95,85.75
HT79GPSA-LG,GP / GP 1200R (99),131.95,85.75
HT79GPSA-LGCA,GP / GP 1200R (99),131.95,85.75
HT79GPSA-LTBLU,GP / GP 1200R (99),131.95,85.75
HT79GPSA-ORAN,GP / GP 1200R (99),131.95,85.75
HT79GPSA-PINK,GP / GP 1200R (99),131.95,85.75
HT79GPSA-PLMA,GP / GP 1200R (99),131.95,85.75
HT79GPSA-PRPL,GP / GP 1200R (99),131.95,85.75
HT79GPSA-RBLU,GP / GP 1200R (99),131.95,85.75
HT79GPSA-RDCA,GP / GP 1200R (99),131.95,85.75
HT79GPSA-RED,GP / GP 1200R (99),131.95,85.75
HT79GPSA-RLMA,GP / GP 1200R (99),131.95,85.75
HT79GPSA-SNCA,GP / GP 1200R (99),131.95,85.75
HT79GPSA-WHT,GP / GP 1200R (99),131.95,85.75
HT79GPSA-Yell,GP / GP 1200R (99),131.95,85.75
HT79GPSA-YLCA,GP / GP 1200R (99),131.95,85.75
HT79MDPSA-BLK,GP / GP 1200R (99),131.95,85.75
HT79MDPSA-DKGR,GP / GP 1200R (99),131.95,85.75
HT79MDPSA-Gray,GP / GP 1200R (99),131.95,85.75
HT79MDPSA-LG,GP / GP 1200R (99),131.95,85.75
HT79MDPSA-RBLU,GP / GP 1200R (99),131.95,85.75
HT79MDPSA-RED,GP / GP 1200R (99),131.95,85.75
HT79MDPSA-WHT,GP / GP 1200R (99),131.95,85.75
HT80-2TDPSA-BLK-BLU,XP (Pre 93) / SP Family (Pre 94),158.95,103.3
HT80-2TDPSA-BLK-DKGR,XP (Pre 93) / SP Family (Pre 94),158.95,103.3
HT80-2TDPSA-BLK-GRA,XP (Pre 93) / SP Family (Pre 94),158.95,103.3
HT80-2TDPSA-BLK-LG,XP (Pre 93) / SP Family (Pre 94),158.95,103.3
HT80-2TDPSA-BLK-ORAN,XP (Pre 93) / SP Family (Pre 94),158.95,103.3
HT80-2TDPSA-BLK-PINK,XP (Pre 93) / SP Family (Pre 94),158.95,103.3
HT80-2TDPSA-BLK-RED,XP (Pre 93) / SP Family (Pre 94),158.95,103.3
HT80-2TDPSA-BLK-WHT,XP (Pre 93) / SP Family (Pre 94),158.95,103.3
HT80-2TDPSA-BLK-YELL,XP (Pre 93) / SP Family (Pre 94),158.95,103.3
HT80-2TDPSA-BLU-BLK,XP (Pre 93) / SP Family (Pre 94),158.95,103.3
HT80-2TDPSA-DKG-BLK,XP (Pre 93) / SP Family (Pre 94),158.95,103.3
HT80-2TDPSA-GRA-BLK,XP (Pre 93) / SP Family (Pre 94),158.95,103.3
HT80-2TDPSA-LG-BLK,XP (Pre 93) / SP Family (Pre 94),158.95,103.3
HT80-2TDPSA-RED-BLK,XP (Pre 93) / SP Family (Pre 94),158.95,103.3
HT80-2TGPSA-BLK-BLU,XP (Pre 93) / SP Family (Pre 94),158.95,103.3
HT80-2TGPSA-BLK-DKGR,XP (Pre 93) / SP Family (Pre 94),158.95,103.3
HT80-2TGPSA-BLK-GRA,XP (Pre 93) / SP Family (Pre 94),158.95,103.3
HT80-2TGPSA-BLK-LG,XP (Pre 93) / SP Family (Pre 94),158.95,103.3
HT80-2TGPSA-BLK-ORAN,XP (Pre 93) / SP Family (Pre 94),158.95,103.3
HT80-2TGPSA-BLK-PINK,XP (Pre 93) / SP Family (Pre 94),158.95,103.3
HT80-2TGPSA-BLK-RED,XP (Pre 93) / SP Family (Pre 94),158.95,103.3
HT80-2TGPSA-BLK-WHT,XP (Pre 93) / SP Family (Pre 94),158.95,103.3
HT80-2TGPSA-BLK-YELL,XP (Pre 93) / SP Family (Pre 94),158.95,103.3
HT80-2TGPSA-BLU-BLK,XP (Pre 93) / SP Family (Pre 94),158.95,103.3
HT80-2TGPSA-DKG-BLK,XP (Pre 93) / SP Family (Pre 94),158.95,103.3
HT80-2TGPSA-GRA-BLK,XP (Pre 93) / SP Family (Pre 94),158.95,103.3
HT80-2TGPSA-LG-BLK,XP (Pre 93) / SP Family (Pre 94),158.95,103.3
HT80-2TGPSA-RED-BLK,XP (Pre 93) / SP Family (Pre 94),158.95,103.3
HT80DPSA-BLCA,XP (Pre 93) / SP Family (Pre 94),131.95,85.75
HT80DPSA-BLK,XP (Pre 93) / SP Family (Pre 94),131.95,85.75
HT80DPSA-BLMA,XP (Pre 93) / SP Family (Pre 94),131.95,85.75
HT80DPSA-DBlU,XP (Pre 93) / SP Family (Pre 94),131.95,85.75
HT80DPSA-DKGR,XP (Pre 93) / SP Family (Pre 94),131.95,85.75
HT80DPSA-GRAY,XP (Pre 93) / SP Family (Pre 94),131.95,85.75
HT80DPSA-GRCA,XP (Pre 93) / SP Family (Pre 94),131.95,85.75
HT80DPSA-LG,XP (Pre 93) / SP Family (Pre 94),131.95,85.75
HT80DPSA-LGCA,XP (Pre 93) / SP Family (Pre 94),131.95,85.75
HT80DPSA-LTBLU,XP (Pre 93) / SP Family (Pre 94),131.95,85.75
HT80DPSA-ORAN,XP (Pre 93) / SP Family (Pre 94),131.95,85.75
HT80DPSA-PINK,XP (Pre 93) / SP Family (Pre 94),131.95,85.75
HT80DPSA-PLMA,XP (Pre 93) / SP Family (Pre 94),131.95,85.75
HT80DPSA-PRPL,XP (Pre 93) / SP Family (Pre 94),131.95,85.75
HT80DPSA-RBLU,XP (Pre 93) / SP Family (Pre 94),131.95,85.75
HT80DPSA-RDCA,XP (Pre 93) / SP Family (Pre 94),131.95,85.75
HT80DPSA-RED,XP (Pre 93) / SP Family (Pre 94),131.95,85.75
HT80DPSA-RLMA,XP (Pre 93) / SP Family (Pre 94),131.95,85.75
HT80DPSA-SNCA,XP (Pre 93) / SP Family (Pre 94),131.95,85.75
HT80DPSA-WHT,XP (Pre 93) / SP Family (Pre 94),131.95,85.75
HT80DPSA-Yell,XP (Pre 93) / SP Family (Pre 94),131.95,85.75
HT80DPSA-YLCA,XP (Pre 93) / SP Family (Pre 94),131.95,85.75
HT80GPSA-BLCA,XP (Pre 93) / SP Family (Pre 94),131.95,85.75
HT80GPSA-BLK,XP (Pre 93) / SP Family (Pre 94),131.95,85.75
HT80GPSA-BLMA,XP (Pre 93) / SP Family (Pre 94),131.95,85.75
HT80GPSA-DBlU,XP (Pre 93) / SP Family (Pre 94),131.95,85.75
HT80GPSA-DKGR,XP (Pre 93) / SP Family (Pre 94),131.95,85.75
HT80GPSA-GRAY,XP (Pre 93) / SP Family (Pre 94),131.95,85.75
HT80GPSA-GRCA,XP (Pre 93) / SP Family (Pre 94),131.95,85.75
HT80GPSA-LG,XP (Pre 93) / SP Family (Pre 94),131.95,85.75
HT80GPSA-LGCA,XP (Pre 93) / SP Family (Pre 94),131.95,85.75
HT80GPSA-LTBLU,XP (Pre 93) / SP Family (Pre 94),131.95,85.75
HT80GPSA-ORAN,XP (Pre 93) / SP Family (Pre 94),131.95,85.75
HT80GPSA-PINK,XP (Pre 93) / SP Family (Pre 94),131.95,85.75
HT80GPSA-PLMA,XP (Pre 93) / SP Family (Pre 94),131.95,85.75
HT80GPSA-PRPL,XP (Pre 93) / SP Family (Pre 94),131.95,85.75
HT80GPSA-RBLU,XP (Pre 93) / SP Family (Pre 94),131.95,85.75
HT80GPSA-RDCA,XP (Pre 93) / SP Family (Pre 94),131.95,85.75
HT80GPSA-RED,XP (Pre 93) / SP Family (Pre 94),131.95,85.75
HT80GPSA-RLMA,XP (Pre 93) / SP Family (Pre 94),131.95,85.75
HT80GPSA-SNCA,XP (Pre 93) / SP Family (Pre 94),131.95,85.75
HT80GPSA-WHT,XP (Pre 93) / SP Family (Pre 94),131.95,85.75
HT80GPSA-Yell,XP (Pre 93) / SP Family (Pre 94),131.95,85.75
HT80GPSA-YLCA,XP (Pre 93) / SP Family (Pre 94),131.95,85.75
HT80MDPSA-BLK,XP (Pre 93) / SP Family (Pre 94),131.95,85.75
HT80MDPSA-DKGR,XP (Pre 93) / SP Family (Pre 94),131.95,85.75
HT80MDPSA-Gray,XP (Pre 93) / SP Family (Pre 94),131.95,85.75
HT80MDPSA-LG,XP (Pre 93) / SP Family (Pre 94),131.95,85.75
HT80MDPSA-RBLU,XP (Pre 93) / SP Family (Pre 94),131.95,85.75
HT80MDPSA-RED,XP (Pre 93) / SP Family (Pre 94),131.95,85.75
HT80MDPSA-WHT,XP (Pre 93) / SP Family (Pre 94),131.95,85.75
HT811-2TDPSA-BLK-BLU,Spark 2-Up (14-20),158.95,103.3
HT811-2TDPSA-BLK-DKG,Spark 2-Up (14-20),158.95,103.3
HT811-2TDPSA-BLK-GRA,Spark 3-Up (14-20),158.95,103.3
HT811-2TDPSA-BLK-LG,Spark 3-Up (14-20),158.95,103.3
HT811-2TDPSA-BLK-ORA,Spark 2-Up (14-20),158.95,103.3
HT811-2TDPSA-BLK-PIN,Spark 3-Up (14-20),158.95,103.3
HT811-2TDPSA-BLK-RED,Spark 2-Up (14-20),158.95,103.3
HT811-2TDPSA-BLK-WHT,Spark 2-Up (14-20),158.95,103.3
HT811-2TDPSA-BLK-YL,Spark 3-Up (14-20),158.95,103.3
HT811-2TDPSA-BLU-BLK,Spark 3-Up (14-20),158.95,103.3
HT811-2TDPSA-DKG-BLK,Spark 2-Up (14-20),158.95,103.3
HT811-2TDPSA-GRA-BLK,Spark 3-Up (14-20),158.95,103.3
HT811-2TDPSA-LG-BLK,Spark 2-Up (14-20),158.95,103.3
HT811-2TDPSA-RED-BLK,Spark 2-Up (14-20),158.95,103.3
HT811-2TGPSA-BLK-BLU,Spark 3-Up (14-20),158.95,103.3
HT811-2TGPSA-BLK-DKG,Spark 3-Up (14-20),158.95,103.3
HT811-2TGPSA-BLK-GRA,Spark 2-Up (14-20),158.95,103.3
HT811-2TGPSA-BLK-LG,Spark 3-Up (14-20),158.95,103.3
HT811-2TGPSA-BLK-ORA,Spark 2-Up (14-20),158.95,103.3
HT811-2TGPSA-BLK-PIN,Spark 2-Up (14-20),158.95,103.3
HT811-2TGPSA-BLK-RED,Spark 3-Up (14-20),158.95,103.3
HT811-2TGPSA-BLK-WHT,Spark 3-Up (14-20),158.95,103.3
HT811-2TGPSA-BLK-YL,Spark 2-Up (14-20),158.95,103.3
HT811-2TGPSA-BLU-BLK,Spark 3-Up (14-20),158.95,103.3
HT811-2TGPSA-DKG-BLK,Spark 2-Up (14-20),158.95,103.3
HT811-2TGPSA-GRA-BLK,Spark 2-Up (14-20),158.95,103.3
HT811-2TGPSA-LG-BLK,Spark 3-Up (14-20),158.95,103.3
HT811-2TGPSA-RED-BLK,Spark 3-Up (14-20),158.95,103.3
HT811DPSA-BLCA,Spark 2-Up (14-20),131.95,85.75
HT811DPSA-BLK,Spark 3-Up (14-20),131.95,85.75
HT811DPSA-BLMA,Spark 2-Up (14-20),131.95,85.75
HT811DPSA-DBlU,Spark 2-Up (14-20),131.95,85.75
HT811DPSA-DKGR,Spark 3-Up (14-20),131.95,85.75
HT811DPSA-Gray,Spark 3-Up (14-20),131.95,85.75
HT811DPSA-GRCA,Spark 2-Up (14-20),131.95,85.75
HT811DPSA-LG,Spark 3-Up (14-20),131.95,85.75
HT811DPSA-LGCA,Spark 2-Up (14-20),131.95,85.75
HT811DPSA-LTBLU,Spark 2-Up (14-20),131.95,85.75
HT811DPSA-ORAN,Spark 3-Up (14-20),131.95,85.75
HT811DPSA-PINK,Spark 3-Up (14-20),131.95,85.75
HT811DPSA-PLMA,Spark 2-Up (14-20),131.95,85.75
HT811DPSA-PRPL,Spark 3-Up (14-20),131.95,85.75
HT811DPSA-RBLU,Spark 2-Up (14-20),131.95,85.75
HT811DPSA-RDCA,Spark 2-Up (14-20),131.95,85.75
HT811DPSA-RED,Spark 3-Up (14-20),131.95,85.75
HT811DPSA-RLMA,Spark 3-Up (14-20),131.95,85.75
HT811DPSA-SNCA,Spark 2-Up (14-20),131.95,85.75
HT811DPSA-WHT,Spark 3-Up (14-20),131.95,85.75
HT811DPSA-Yell,Spark 2-Up (14-20),131.95,85.75
HT811DPSA-YLCA,Spark 2-Up (14-20),131.95,85.75
HT811GPSA-BLCA,Spark 3-Up (14-20),131.95,85.75
HT811GPSA-BLK,Spark 3-Up (14-20),131.95,85.75
HT811GPSA-BLMA,Spark 2-Up (14-20),131.95,85.75
HT811GPSA-DBlU,Spark 3-Up (14-20),131.95,85.75
HT811GPSA-DKGR,Spark 2-Up (14-20),131.95,85.75
HT811GPSA-Gray,Spark 2-Up (14-20),131.95,85.75
HT811GPSA-GRCA,Spark 3-Up (14-20),131.95,85.75
HT811GPSA-LG,Spark 3-Up (14-20),131.95,85.75
HT811GPSA-LGCA,Spark 2-Up (14-20),131.95,85.75
HT811GPSA-LTBLU,Spark 3-Up (14-20),131.95,85.75
HT811GPSA-ORAN,Spark 2-Up (14-20),131.95,85.75
HT811GPSA-PINK,Spark 2-Up (14-20),131.95,85.75
HT811GPSA-PLMA,Spark 3-Up (14-20),131.95,85.75
HT811GPSA-PRPL,Spark 3-Up (14-20),131.95,85.75
HT811GPSA-RBLU,Spark 2-Up (14-20),131.95,85.75
HT811GPSA-RDCA,Spark 3-Up (14-20),131.95,85.75
HT811GPSA-RED,Spark 2-Up (14-20),131.95,85.75
HT811GPSA-RLMA,Spark 2-Up (14-20),131.95,85.75
HT811GPSA-SNCA,Spark 3-Up (14-20),131.95,85.75
HT811GPSA-WHT,Spark 3-Up (14-20),131.95,85.75
HT811GPSA-Yell,Spark 2-Up (14-20),131.95,85.75
HT811GPSA-YLCA,Spark 3-Up (14-20),131.95,85.75
HT812-2TDPSA-BLK-BLU,Spark Trixx 2-Up (17-20),148.95,96.8
HT812-2TDPSA-BLK-DKG,Spark Trixx 2-Up (17-20),148.95,96.8
HT812-2TDPSA-BLK-GRA,Spark Trixx 2-Up (17-20),148.95,96.8
HT812-2TDPSA-BLK-LG,Spark Trixx 2-Up (17-20),148.95,96.8
HT812-2TDPSA-BLK-ORA,Spark Trixx 2-Up (17-20),148.95,96.8
HT812-2TDPSA-BLK-PIN,Spark Trixx 2-Up (17-20),148.95,96.8
HT812-2TDPSA-BLK-RED,Spark Trixx 2-Up (17-20),148.95,96.8
HT812-2TDPSA-BLK-WHT,Spark Trixx 2-Up (17-20),148.95,96.8
HT812-2TDPSA-BLK-YL,Spark Trixx 2-Up (17-20),148.95,96.8
HT812-2TDPSA-BLU-BLK,Spark Trixx 2-Up (17-20),148.95,96.8
HT812-2TDPSA-DKG-BLK,Spark Trixx 2-Up (17-20),148.95,96.8
HT812-2TDPSA-GRA-BLK,Spark Trixx 2-Up (17-20),148.95,96.8
HT812-2TDPSA-LG-BLK,Spark Trixx 2-Up (17-20),148.95,96.8
HT812-2TDPSA-RED-BLK,Spark Trixx 2-Up (17-20),148.95,96.8
HT812-2TGPSA-BLK-BLU,Spark Trixx 2-Up (17-20),148.95,96.8
HT812-2TGPSA-BLK-DKG,Spark Trixx 2-Up (17-20),148.95,96.8
HT812-2TGPSA-BLK-GRA,Spark Trixx 2-Up (17-20),148.95,96.8
HT812-2TGPSA-BLK-LG,Spark Trixx 2-Up (17-20),148.95,96.8
HT812-2TGPSA-BLK-ORA,Spark Trixx 2-Up (17-20),148.95,96.8
HT812-2TGPSA-BLK-PIN,Spark Trixx 2-Up (17-20),148.95,96.8
HT812-2TGPSA-BLK-RED,Spark Trixx 2-Up (17-20),148.95,96.8
HT812-2TGPSA-BLK-WHT,Spark Trixx 2-Up (17-20),148.95,96.8
HT812-2TGPSA-BLK-YL,Spark Trixx 2-Up (17-20),148.95,96.8
HT812-2TGPSA-BLU-BLK,Spark Trixx 2-Up (17-20),148.95,96.8
HT812-2TGPSA-DKG-BLK,Spark Trixx 2-Up (17-20),148.95,96.8
HT812-2TGPSA-GRA-BLK,Spark Trixx 2-Up (17-20),148.95,96.8
HT812-2TGPSA-LG-BLK,Spark Trixx 2-Up (17-20),148.95,96.8
HT812-2TGPSA-RED-BLK,Spark Trixx 2-Up (17-20),148.95,96.8
HT812DPSA-GRCA,Spark Trixx 2-Up (17-20),121.95,79.25
HT812DPSA-LG,Spark Trixx 2-Up (17-20),121.95,79.25
HT812DPSA-LGCA,Spark Trixx 2-Up (17-20),121.95,79.25
HT812DPSA-LTBLU,Spark Trixx 2-Up (17-20),121.95,79.25
HT812DPSA-ORAN,Spark Trixx 2-Up (17-20),121.95,79.25
HT812DPSA-PINK,Spark Trixx 2-Up (17-20),121.95,79.25
HT812DPSA-PLMA,Spark Trixx 2-Up (17-20),121.95,79.25
HT812DPSA-PRPL,Spark Trixx 2-Up (17-20),121.95,79.25
HT812DPSA-RBLU,Spark Trixx 2-Up (17-20),121.95,79.25
HT812DPSA-RDCA,Spark Trixx 2-Up (17-20),121.95,79.25
HT812DPSA-RED,Spark Trixx 2-Up (17-20),121.95,79.25
HT812DPSA-RLMA,Spark Trixx 2-Up (17-20),121.95,79.25
HT812DPSA-SNCA,Spark Trixx 2-Up (17-20),121.95,79.25
HT812DPSA-WHT,Spark Trixx 2-Up (17-20),121.95,79.25
HT812DPSA-Yell,Spark Trixx 2-Up (17-20),121.95,79.25
HT812DPSA-YLCA,Spark Trixx 2-Up (17-20),121.95,79.25
HT812GPSA-BLCA,Spark Trixx 2-Up (17-20),121.95,79.25
HT812GPSA-BLK,Spark Trixx 2-Up (17-20),121.95,79.25
HT812GPSA-BLMA,Spark Trixx 2-Up (17-20),121.95,79.25
HT812GPSA-DBlU,Spark Trixx 2-Up (17-20),121.95,79.25
HT812GPSA-DKGR,Spark Trixx 2-Up (17-20),121.95,79.25
HT812GPSA-Gray,Spark Trixx 2-Up (17-20),121.95,79.25
HT812GPSA-GRCA,Spark Trixx 2-Up (17-20),121.95,79.25
HT812GPSA-LG,Spark Trixx 2-Up (17-20),121.95,79.25
HT812GPSA-LGCA,Spark Trixx 2-Up (17-20),121.95,79.25
HT812GPSA-LTBLU,Spark Trixx 2-Up (17-20),121.95,79.25
HT812GPSA-ORAN,Spark Trixx 2-Up (17-20),121.95,79.25
HT812GPSA-PINK,Spark Trixx 2-Up (17-20),121.95,79.25
HT812GPSA-PLMA,Spark Trixx 2-Up (17-20),121.95,79.25
HT812GPSA-PRPL,Spark Trixx 2-Up (17-20),121.95,79.25
HT812GPSA-RBLU,Spark Trixx 2-Up (17-20),121.95,79.25
HT812GPSA-RDCA,Spark Trixx 2-Up (17-20),121.95,79.25
HT812GPSA-RED,Spark Trixx 2-Up (17-20),121.95,79.25
HT812GPSA-RLMA,Spark Trixx 2-Up (17-20),121.95,79.25
HT812GPSA-SNCA,Spark Trixx 2-Up (17-20),121.95,79.25
HT812GPSA-WHT,Spark Trixx 2-Up (17-20),121.95,79.25
HT812GPSA-Yell,Spark Trixx 2-Up (17-20),121.95,79.25
HT812GPSA-YLCA,Spark Trixx 2-Up (17-20),121.95,79.25
HT812MDPSA-BLK,Spark Trixx 2-Up (17-20),121.95,79.25
HT81-2TDPSA-BLK-BLU,Spark 2-Up (14-20),148.95,96.8
HT81-2TDPSA-BLK-DKGR,Spark 2-Up (14-20),148.95,96.8
HT81-2TDPSA-BLK-GRA,Spark 2-Up (14-20),148.95,96.8
HT81-2TDPSA-BLK-LG,Spark 2-Up (14-20),148.95,96.8
HT81-2TDPSA-BLK-ORAN,Spark 2-Up (14-20),148.95,96.8
HT81-2TDPSA-BLK-PINK,Spark 2-Up (14-20),148.95,96.8
HT81-2TDPSA-BLK-RED,Spark 2-Up (14-20),148.95,96.8
HT81-2TDPSA-BLK-WHT,Spark 2-Up (14-20),148.95,96.8
HT81-2TDPSA-BLK-YELL,Spark 2-Up (14-20),148.95,96.8
HT81-2TDPSA-BLU-BLK,Spark 2-Up (14-20),148.95,96.8
HT81-2TDPSA-DKG-BLK,Spark 2-Up (14-20),148.95,96.8
HT81-2TDPSA-GRA-BLK,Spark 2-Up (14-20),148.95,96.8
HT81-2TDPSA-LG-BLK,Spark 2-Up (14-20),148.95,96.8
HT81-2TDPSA-RED-BLK,Spark 2-Up (14-20),148.95,96.8
HT81-2TGPSA-BLK-BLU,Spark 2-Up (14-20),148.95,96.8
HT81-2TGPSA-BLK-DKGR,Spark 2-Up (14-20),148.95,96.8
HT81-2TGPSA-BLK-GRA,Spark 2-Up (14-20),148.95,96.8
HT81-2TGPSA-BLK-LG,Spark 2-Up (14-20),148.95,96.8
HT81-2TGPSA-BLK-ORAN,Spark 2-Up (14-20),148.95,96.8
HT81-2TGPSA-BLK-PINK,Spark 2-Up (14-20),148.95,96.8
HT81-2TGPSA-BLK-RED,Spark 2-Up (14-20),148.95,96.8
HT81-2TGPSA-BLK-WHT,Spark 2-Up (14-20),148.95,96.8
HT81-2TGPSA-BLK-YELL,Spark 2-Up (14-20),148.95,96.8
HT81-2TGPSA-BLU-BLK,Spark 2-Up (14-20),148.95,96.8
HT81-2TGPSA-DKG-BLK,Spark 2-Up (14-20),148.95,96.8
HT81-2TGPSA-GRA-BLK,Spark 2-Up (14-20),148.95,96.8
HT81-2TGPSA-LG-BLK,Spark 2-Up (14-20),148.95,96.8
HT81-2TGPSA-RED-BLK,Spark 2-Up (14-20),148.95,96.8
HT813-2TDPSA-BLK-BLU,Spark Trixx 3-Up (18-20),158.95,103.3
HT813-2TDPSA-BLK-DKG,Spark Trixx 3-Up (18-20),158.95,103.3
HT813-2TDPSA-BLK-GRA,Spark Trixx 3-Up (18-20),158.95,103.3
HT813-2TDPSA-BLK-LG,Spark Trixx 3-Up (18-20),158.95,103.3
HT813-2TDPSA-BLK-ORA,Spark Trixx 3-Up (18-20),158.95,103.3
HT813-2TDPSA-BLK-PIN,Spark Trixx 3-Up (18-20),158.95,103.3
HT813-2TDPSA-BLK-RED,Spark Trixx 3-Up (18-20),158.95,103.3
HT813-2TDPSA-BLK-WHT,Spark Trixx 3-Up (18-20),158.95,103.3
HT813-2TDPSA-BLK-YL,Spark Trixx 3-Up (18-20),158.95,103.3
HT813-2TDPSA-BLU-BLK,Spark Trixx 3-Up (18-20),158.95,103.3
HT813-2TDPSA-DKG-BLK,Spark Trixx 3-Up (18-20),158.95,103.3
HT813-2TDPSA-GRA-BLK,Spark Trixx 3-Up (18-20),158.95,103.3
HT813-2TDPSA-LG-BLK,Spark Trixx 3-Up (18-20),158.95,103.3
HT813-2TDPSA-RED-BLK,Spark Trixx 3-Up (18-20),158.95,103.3
HT813-2TGPSA-BLK-BLU,Spark Trixx 3-Up (18-20),158.95,103.3
HT813-2TGPSA-BLK-GRA,Spark Trixx 3-Up (18-20),158.95,103.3
HT813-2TGPSA-BLK-LG,Spark Trixx 3-Up (18-20),158.95,103.3
HT813-2TGPSA-BLK-RED,Spark Trixx 3-Up (18-20),158.95,103.3
HT813-2TGPSA-BLK-WHT,Spark Trixx 3-Up (18-20),158.95,103.3
HT813-2TGPSA-BLU-BLK,Spark Trixx 3-Up (18-20),158.95,103.3
HT813-2TGPSA-DKG-BLK,Spark Trixx 3-Up (18-20),158.95,103.3
HT813-2TGPSA-GRA-BLK,Spark Trixx 3-Up (18-20),158.95,103.3
HT813-2TGPSA-LG-BLK,Spark Trixx 3-Up (18-20),158.95,103.3
HT813-2TGPSA-RED-BLK,Spark Trixx 3-Up (18-20),158.95,103.3
HT813DPSA-BLCA,Spark Trixx 3-Up (18-20),124.95,81.2
HT813DPSA-BLK,Spark Trixx 3-Up (18-20),124.95,81.2
HT813DPSA-BLMA,Spark Trixx 3-Up (18-20),124.95,81.2
HT813DPSA-DBlU,Spark Trixx 3-Up (18-20),124.95,81.2
HT813DPSA-DKGR,Spark Trixx 3-Up (18-20),124.95,81.2
HT813DPSA-Gray,Spark Trixx 3-Up (18-20),124.95,81.2
HT813DPSA-GRCA,Spark Trixx 3-Up (18-20),124.95,81.2
HT813DPSA-LG,Spark Trixx 3-Up (18-20),124.95,81.2
HT813DPSA-LGCA,Spark Trixx 3-Up (18-20),124.95,81.2
HT813DPSA-LTBLU,Spark Trixx 3-Up (18-20),124.95,81.2
HT813DPSA-ORAN,Spark Trixx 3-Up (18-20),124.95,81.2
HT813DPSA-PINK,Spark Trixx 3-Up (18-20),124.95,81.2
HT813DPSA-PLMA,Spark Trixx 3-Up (18-20),124.95,81.2
HT813DPSA-PRPL,Spark Trixx 3-Up (18-20),124.95,81.2
HT813DPSA-RBLU,Spark Trixx 3-Up (18-20),124.95,81.2
HT813DPSA-RDCA,Spark Trixx 3-Up (18-20),124.95,81.2
HT813DPSA-RED,Spark Trixx 3-Up (18-20),124.95,81.2
HT813DPSA-RLMA,Spark Trixx 3-Up (18-20),124.95,81.2
HT813DPSA-SNCA,Spark Trixx 3-Up (18-20),124.95,81.2
HT813DPSA-WHT,Spark Trixx 3-Up (18-20),124.95,81.2
HT813DPSA-Yell,Spark Trixx 3-Up (18-20),124.95,81.2
HT813DPSA-YLCA,Spark Trixx 3-Up (18-20),124.95,81.2
HT813GPSA-BLCA,Spark Trixx 3-Up (18-20),124.95,81.2
HT813GPSA-BLK,Spark Trixx 3-Up (18-20),124.95,81.2
HT813GPSA-BLMA,Spark Trixx 3-Up (18-20),124.95,81.2
HT813GPSA-DBlU,Spark Trixx 3-Up (18-20),124.95,81.2
HT813GPSA-DKGR,Spark Trixx 3-Up (18-20),124.95,81.2
HT813GPSA-Gray,Spark Trixx 3-Up (18-20),124.95,81.2
HT813GPSA-GRCA,Spark Trixx 3-Up (18-20),124.95,81.2
HT813GPSA-LG,Spark Trixx 3-Up (18-20),124.95,81.2
HT813GPSA-LGCA,Spark Trixx 3-Up (18-20),124.95,81.2
HT813GPSA-LTBLU,Spark Trixx 3-Up (18-20),124.95,81.2
HT813GPSA-ORAN,Spark Trixx 3-Up (18-20),124.95,81.2
HT813GPSA-PINK,Spark Trixx 3-Up (18-20),124.95,81.2
HT813GPSA-PLMA,Spark Trixx 3-Up (18-20),124.95,81.2
HT813GPSA-PRPL,Spark Trixx 3-Up (18-20),124.95,81.2
HT813GPSA-RBLU,Spark Trixx 3-Up (18-20),124.95,81.2
HT813GPSA-RDCA,Spark Trixx 3-Up (18-20),124.95,81.2
HT813GPSA-RED,Spark Trixx 3-Up (18-20),124.95,81.2
HT813GPSA-RLMA,Spark Trixx 3-Up (18-20),124.95,81.2
HT813GPSA-SNCA,Spark Trixx 3-Up (18-20),124.95,81.2
HT813GPSA-WHT,Spark Trixx 3-Up (18-20),124.95,81.2
HT813GPSA-Yell,Spark Trixx 3-Up (18-20),124.95,81.2
HT813GPSA-YLCA,Spark Trixx 3-Up (18-20),124.95,81.2
HT81DPSA-BLCA,Spark 2-Up (14-20),121.95,79.25
HT81DPSA-BLK,Spark 2-Up (14-20),121.95,79.25
HT81DPSA-BLMA,Spark 2-Up (14-20),121.95,79.25
HT81DPSA-DBlU,Spark 2-Up (14-20),121.95,79.25
HT81DPSA-DKGR,Spark 2-Up (14-20),121.95,79.25
HT81DPSA-Gray,Spark 2-Up (14-20),121.95,79.25
HT81DPSA-GRCA,Spark 2-Up (14-20),121.95,79.25
HT81DPSA-LG,Spark 2-Up (14-20),121.95,79.25
HT81DPSA-LGCA,Spark 2-Up (14-20),121.95,79.25
HT81DPSA-LTBLU,Spark 2-Up (14-20),121.95,79.25
HT81DPSA-ORAN,Spark 2-Up (14-20),121.95,79.25
HT81DPSA-PINK,Spark 2-Up (14-20),121.95,79.25
HT81DPSA-PLMA,Spark 2-Up (14-20),121.95,79.25
HT81DPSA-PRPL,Spark 2-Up (14-20),121.95,79.25
HT81DPSA-RBLU,Spark 2-Up (14-20),121.95,79.25
HT81DPSA-RDCA,Spark 2-Up (14-20),121.95,79.25
HT81DPSA-RED,Spark 2-Up (14-20),121.95,79.25
HT81DPSA-RLMA,Spark 2-Up (14-20),121.95,79.25
HT81DPSA-SNCA,Spark 2-Up (14-20),121.95,79.25
HT81DPSA-WHT,Spark 2-Up (14-20),121.95,79.25
HT81DPSA-Yell,Spark 2-Up (14-20),121.95,79.25
HT81DPSA-YLCA,Spark 2-Up (14-20),121.95,79.25
HT81GPSA-BLCA,Spark 2-Up (14-20),121.95,79.25
HT81GPSA-BLK,Spark 2-Up (14-20),121.95,79.25
HT81GPSA-BLMA,Spark 2-Up (14-20),121.95,79.25
HT81GPSA-DBlU,Spark 2-Up (14-20),121.95,79.25
HT81GPSA-DKGR,Spark 2-Up (14-20),121.95,79.25
HT81GPSA-Gray,Spark 2-Up (14-20),121.95,79.25
HT81GPSA-GRCA,Spark 2-Up (14-20),121.95,79.25
HT81GPSA-LG,Spark 2-Up (14-20),121.95,79.25
HT81GPSA-LGCA,Spark 2-Up (14-20),121.95,79.25
HT81GPSA-LTBLU,Spark 2-Up (14-20),121.95,79.25
HT81GPSA-ORAN,Spark 2-Up (14-20),121.95,79.25
HT81GPSA-PINK,Spark 2-Up (14-20),121.95,79.25
HT81GPSA-PLMA,Spark 2-Up (14-20),121.95,79.25
HT81GPSA-PRPL,Spark 2-Up (14-20),121.95,79.25
HT81GPSA-RBLU,Spark 2-Up (14-20),121.95,79.25
HT81GPSA-RDCA,Spark 2-Up (14-20),121.95,79.25
HT81GPSA-RED,Spark 2-Up (14-20),121.95,79.25
HT81GPSA-RLMA,Spark 2-Up (14-20),121.95,79.25
HT81GPSA-SNCA,Spark 2-Up (14-20),121.95,79.25
HT81GPSA-WHT,Spark 2-Up (14-20),121.95,79.25
HT81GPSA-Yell,Spark 2-Up (14-20),121.95,79.25
HT81GPSA-YLCA,Spark 2-Up (14-20),121.95,79.25
HT81MDPSA-BLK,Spark 2-Up (14-20),121.95,79.25
HT81MDPSA-DKGR,Spark 2-Up (14-20),121.95,79.25
HT81MDPSA-Gray,Spark 2-Up (14-20),121.95,79.25
HT81MDPSA-LG,Spark 2-Up (14-20),121.95,79.25
HT81MDPSA-RBLU,Spark 2-Up (14-20),121.95,79.25
HT81MDPSA-RED,Spark 2-Up (14-20),121.95,79.25
HT81MDPSA-WHT,Spark 2-Up (14-20),121.95,79.25
HT821-2TDPSA-BLK-BLU,GTX (96-02) / GTI (97-00),158.95,103.3
HT821-2TDPSA-BLK-DKG,GTX (96-02) / GTI (97-00),158.95,103.3
HT821-2TDPSA-BLK-GRA,GTX (96-02) / GTI (97-00),158.95,103.3
HT821-2TDPSA-BLK-LG,GTX (96-02) / GTI (97-00),158.95,103.3
HT821-2TDPSA-BLK-ORA,GTX (96-02) / GTI (97-00),158.95,103.3
HT821-2TDPSA-BLK-PIN,GTX (96-02) / GTI (97-00),158.95,103.3
HT821-2TDPSA-BLK-RED,GTX (96-02) / GTI (97-00),158.95,103.3
HT821-2TDPSA-BLK-WHT,GTX (96-02) / GTI (97-00),158.95,103.3
HT821-2TDPSA-BLK-YL,GTX (96-02) / GTI (97-00),158.95,103.3
HT821-2TDPSA-BLU-BLK,GTX (96-02) / GTI (97-00),158.95,103.3
HT821-2TDPSA-DKG-BLK,GTX (96-02) / GTI (97-00),158.95,103.3
HT821-2TDPSA-GRA-BLK,GTX (96-02) / GTI (97-00),158.95,103.3
HT821-2TDPSA-LG-BLK,GTX (96-02) / GTI (97-00),158.95,103.3
HT821-2TDPSA-RED-BLK,GTX (96-02) / GTI (97-00),158.95,103.3
HT821-2TGPSA-BLK-BLU,GTX (96-02) / GTI (97-00),158.95,103.3
HT821-2TGPSA-BLK-DKG,GTX (96-02) / GTI (97-00),158.95,103.3
HT821-2TGPSA-BLK-GRA,GTX (96-02) / GTI (97-00),158.95,103.3
HT821-2TGPSA-BLK-LG,GTX (96-02) / GTI (97-00),158.95,103.3
HT821-2TGPSA-BLK-ORA,GTX (96-02) / GTI (97-00),158.95,103.3
HT821-2TGPSA-BLK-PIN,GTX (96-02) / GTI (97-00),158.95,103.3
HT821-2TGPSA-BLK-RED,GTX (96-02) / GTI (97-00),158.95,103.3
HT821-2TGPSA-BLK-WHT,GTX (96-02) / GTI (97-00),158.95,103.3
HT821-2TGPSA-BLK-YEL,GTX (96-02) / GTI (97-00),158.95,103.3
HT821-2TGPSA-BLU-BLK,GTX (96-02) / GTI (97-00),158.95,103.3
HT821-2TGPSA-DKG-BLK,GTX (96-02) / GTI (97-00),158.95,103.3
HT821-2TGPSA-GRA-BLK,GTX (96-02) / GTI (97-00),158.95,103.3
HT821-2TGPSA-LG-BLK,GTX (96-02) / GTI (97-00),158.95,103.3
HT821-2TGPSA-RED-BLK,GTX (96-02) / GTI (97-00),158.95,103.3
HT821DPSA-BLCA,GTX (96-02) / GTI (97-00),131.95,85.75
HT821DPSA-BLK,GTX (96-02) / GTI (97-00),131.95,85.75
HT821DPSA-BLMA,GTX (96-02) / GTI (97-00),131.95,85.75
HT821DPSA-DBlU,GTX (96-02) / GTI (97-00),131.95,85.75
HT821DPSA-DKGR,GTX (96-02) / GTI (97-00),131.95,85.75
HT821DPSA-Gray,GTX (96-02) / GTI (97-00),131.95,85.75
HT821DPSA-GRCA,GTX (96-02) / GTI (97-00),131.95,85.75
HT821DPSA-LG,GTX (96-02) / GTI (97-00),131.95,85.75
HT821DPSA-LGCA,GTX (96-02) / GTI (97-00),131.95,85.75
HT821DPSA-LTBLU,GTX (96-02) / GTI (97-00),131.95,85.75
HT821DPSA-ORAN,GTX (96-02) / GTI (97-00),131.95,85.75
HT821DPSA-PINK,GTX (96-02) / GTI (97-00),131.95,85.75
HT821DPSA-PLMA,GTX (96-02) / GTI (97-00),131.95,85.75
HT821DPSA-PRPL,GTX (96-02) / GTI (97-00),131.95,85.75
HT821DPSA-RBLU,GTX (96-02) / GTI (97-00),131.95,85.75
HT821DPSA-RDCA,GTX (96-02) / GTI (97-00),131.95,85.75
HT821DPSA-RED,GTX (96-02) / GTI (97-00),131.95,85.75
HT821DPSA-RLMA,GTX (96-02) / GTI (97-00),131.95,85.75
HT821DPSA-SNCA,GTX (96-02) / GTI (97-00),131.95,85.75
HT821DPSA-WHT,GTX (96-02) / GTI (97-00),131.95,85.75
HT821DPSA-Yell,GTX (96-02) / GTI (97-00),131.95,85.75
HT821DPSA-YLCA,GTX (96-02) / GTI (97-00),131.95,85.75
HT821GPSA-BLCA,GTX (96-02) / GTI (97-00),131.95,85.75
HT821GPSA-BLK,GTX (96-02) / GTI (97-00),131.95,85.75
HT821GPSA-BLMA,GTX (96-02) / GTI (97-00),131.95,85.75
HT821GPSA-DBlU,GTX (96-02) / GTI (97-00),131.95,85.75
HT821GPSA-DKGR,GTX (96-02) / GTI (97-00),131.95,85.75
HT821GPSA-Gray,GTX (96-02) / GTI (97-00),131.95,85.75
HT821GPSA-GRCA,GTX (96-02) / GTI (97-00),131.95,85.75
HT821GPSA-LG,GTX (96-02) / GTI (97-00),131.95,85.75
HT821GPSA-LGCA,GTX (96-02) / GTI (97-00),131.95,85.75
HT821GPSA-LTBLU,GTX (96-02) / GTI (97-00),131.95,85.75
HT821GPSA-ORAN,GTX (96-02) / GTI (97-00),131.95,85.75
HT821GPSA-PINK,GTX (96-02) / GTI (97-00),131.95,85.75
HT821GPSA-PLMA,GTX (96-02) / GTI (97-00),131.95,85.75
HT821GPSA-PRPL,GTX (96-02) / GTI (97-00),131.95,85.75
HT821GPSA-RBLU,GTX (96-02) / GTI (97-00),131.95,85.75
HT821GPSA-RDCA,GTX (96-02) / GTI (97-00),131.95,85.75
HT821GPSA-RED,GTX (96-02) / GTI (97-00),131.95,85.75
HT821GPSA-RLMA,GTX (96-02) / GTI (97-00),131.95,85.75
HT821GPSA-SNCA,GTX (96-02) / GTI (97-00),131.95,85.75
HT821GPSA-WHT,GTX (96-02) / GTI (97-00),131.95,85.75
HT821GPSA-Yell,GTX (96-02) / GTI (97-00),131.95,85.75
HT821GPSA-YLCA,GTX (96-02) / GTI (97-00),131.95,85.75
HT821MDPSA-BLK,GTX (96-02) / GTI (97-00),131.95,85.75
HT821MDPSA-DKGR,GTX (96-02) / GTI (97-00),131.95,85.75
HT821MDPSA-Gray,GTX (96-02) / GTI (97-00),131.95,85.75
HT821MDPSA-LG,GTX (96-02) / GTI (97-00),131.95,85.75
HT821MDPSA-RBLU,GTX (96-02) / GTI (97-00),131.95,85.75
HT821MDPSA-RED,GTX (96-02) / GTI (97-00),131.95,85.75
HT821MDPSA-WHT,GTX (96-02) / GTI (97-00),131.95,85.75
HT82-2TDPSA-BLK-BLU,GT Family (90-95) GTI (96) / GTS (96-00),158.95,103.3
HT82-2TDPSA-BLK-DKGR,GT Family (90-95) GTI (96) / GTS (96-00),158.95,103.3
HT82-2TDPSA-BLK-GRA,GT Family (90-95) GTI (96) / GTS (96-00),158.95,103.3
HT82-2TDPSA-BLK-LG,GT Family (90-95) GTI (96) / GTS (96-00),158.95,103.3
HT82-2TDPSA-BLK-ORAN,GT Family (90-95) GTI (96) / GTS (96-00),158.95,103.3
HT82-2TDPSA-BLK-PINK,GT Family (90-95) GTI (96) / GTS (96-00),158.95,103.3
HT82-2TDPSA-BLK-RED,GT Family (90-95) GTI (96) / GTS (96-00),158.95,103.3
HT82-2TDPSA-BLK-WHT,GT Family (90-95) GTI (96) / GTS (96-00),158.95,103.3
HT82-2TDPSA-BLK-YELL,GT Family (90-95) GTI (96) / GTS (96-00),158.95,103.3
HT82-2TDPSA-BLU-BLK,GT Family (90-95) GTI (96) / GTS (96-00),158.95,103.3
HT82-2TDPSA-DKG-BLK,GT Family (90-95) GTI (96) / GTS (96-00),158.95,103.3
HT82-2TDPSA-GRA-BLK,GT Family (90-95) GTI (96) / GTS (96-00),158.95,103.3
HT82-2TDPSA-LG-BLK,GT Family (90-95) GTI (96) / GTS (96-00),158.95,103.3
HT82-2TDPSA-RED-BLK,GT Family (90-95) GTI (96) / GTS (96-00),158.95,103.3
HT82-2TGPSA-BLK-BLU,GT Family (90-95) GTI (96) / GTS (96-00),158.95,103.3
HT82-2TGPSA-BLK-DKGR,GT Family (90-95) GTI (96) / GTS (96-00),158.95,103.3
HT82-2TGPSA-BLK-GRA,GT Family (90-95) GTI (96) / GTS (96-00),158.95,103.3
HT82-2TGPSA-BLK-LG,GT Family (90-95) GTI (96) / GTS (96-00),158.95,103.3
HT82-2TGPSA-BLK-ORAN,GT Family (90-95) GTI (96) / GTS (96-00),158.95,103.3
HT82-2TGPSA-BLK-PINK,GT Family (90-95) GTI (96) / GTS (96-00),158.95,103.3
HT82-2TGPSA-BLK-RED,GT Family (90-95) GTI (96) / GTS (96-00),158.95,103.3
HT82-2TGPSA-BLK-WHT,GT Family (90-95) GTI (96) / GTS (96-00),158.95,103.3
HT82-2TGPSA-BLK-YELL,GT Family (90-95) GTI (96) / GTS (96-00),158.95,103.3
HT82-2TGPSA-BLU-BLK,GT Family (90-95) GTI (96) / GTS (96-00),158.95,103.3
HT82-2TGPSA-DKG-BLK,GT Family (90-95) GTI (96) / GTS (96-00),158.95,103.3
HT82-2TGPSA-GRA-BLK,GT Family (90-95) GTI (96) / GTS (96-00),158.95,103.3
HT82-2TGPSA-LG-BLK,GT Family (90-95) GTI (96) / GTS (96-00),158.95,103.3
HT82-2TGPSA-RED-BLK,GT Family (90-95) GTI (96) / GTS (96-00),158.95,103.3
HT823-2TDPSA-BLK-BLU,GTS (01) / GTI (01-05),158.95,103.3
HT823-2TDPSA-BLK-DKG,GTS (01) / GTI (01-05),158.95,103.3
HT823-2TDPSA-BLK-GRA,GTS (01) / GTI (01-05),158.95,103.3
HT823-2TDPSA-BLK-LG,GTS (01) / GTI (01-05),158.95,103.3
HT823-2TDPSA-BLK-ORA,GTS (01) / GTI (01-05),158.95,103.3
HT823-2TDPSA-BLK-PIN,GTS (01) / GTI (01-05),158.95,103.3
HT823-2TDPSA-BLK-RED,GTS (01) / GTI (01-05),158.95,103.3
HT823-2TDPSA-BLK-WHT,GTS (01) / GTI (01-05),158.95,103.3
HT823-2TDPSA-BLK-YL,GTS (01) / GTI (01-05),158.95,103.3
HT823-2TDPSA-BLU-BLK,GTS (01) / GTI (01-05),158.95,103.3
HT823-2TDPSA-DKG-BLK,GTS (01) / GTI (01-05),158.95,103.3
HT823-2TDPSA-GRA-BLK,GTS (01) / GTI (01-05),158.95,103.3
HT823-2TDPSA-LG-BLK,GTS (01) / GTI (01-05),158.95,103.3
HT823-2TDPSA-RED-BLK,GTS (01) / GTI (01-05),158.95,103.3
HT823-2TGPSA-BLK-BLU,GTS (01) / GTI (01-05),158.95,103.3
HT823-2TGPSA-BLK-DKG,GTS (01) / GTI (01-05),158.95,103.3
HT823-2TGPSA-BLK-GRA,GTS (01) / GTI (01-05),158.95,103.3
HT823-2TGPSA-BLK-LG,GTS (01) / GTI (01-05),158.95,103.3
HT823-2TGPSA-BLK-ORA,GTS (01) / GTI (01-05),158.95,103.3
HT823-2TGPSA-BLK-PIN,GTS (01) / GTI (01-05),158.95,103.3
HT823-2TGPSA-BLK-RED,GTS (01) / GTI (01-05),158.95,103.3
HT823-2TGPSA-BLK-WHT,GTS (01) / GTI (01-05),158.95,103.3
HT823-2TGPSA-BLK-YEL,GTS (01) / GTI (01-05),158.95,103.3
HT823-2TGPSA-BLU-BLK,GTS (01) / GTI (01-05),158.95,103.3
HT823-2TGPSA-DKG-BLK,GTS (01) / GTI (01-05),158.95,103.3
HT823-2TGPSA-GRA-BLK,GTS (01) / GTI (01-05),158.95,103.3
HT823-2TGPSA-LG-BLK,GTS (01) / GTI (01-05),158.95,103.3
HT823-2TGPSA-RED-BLK,GTS (01) / GTI (01-05),158.95,103.3
HT823DPSA-BLCA,GTS (01) / GTI (01-05),131.95,85.75
HT823DPSA-BLK,GTS (01) / GTI (01-05),131.95,85.75
HT823DPSA-BLMA,GTS (01) / GTI (01-05),131.95,85.75
HT823DPSA-DBlU,GTS (01) / GTI (01-05),131.95,85.75
HT823DPSA-DKGR,GTS (01) / GTI (01-05),131.95,85.75
HT823DPSA-Gray,GTS (01) / GTI (01-05),131.95,85.75
HT823DPSA-GRCA,GTS (01) / GTI (01-05),131.95,85.75
HT823DPSA-LG,GTS (01) / GTI (01-05),131.95,85.75
HT823DPSA-LGCA,GTS (01) / GTI (01-05),131.95,85.75
HT823DPSA-LTBLU,GTS (01) / GTI (01-05),131.95,85.75
HT823DPSA-ORAN,GTS (01) / GTI (01-05),131.95,85.75
HT823DPSA-PINK,GTS (01) / GTI (01-05),131.95,85.75
HT823DPSA-PLMA,GTS (01) / GTI (01-05),131.95,85.75
HT823DPSA-PRPL,GTS (01) / GTI (01-05),131.95,85.75
HT823DPSA-RBLU,GTS (01) / GTI (01-05),131.95,85.75
HT823DPSA-RDCA,GTS (01) / GTI (01-05),131.95,85.75
HT823DPSA-RED,GTS (01) / GTI (01-05),131.95,85.75
HT823DPSA-RLMA,GTS (01) / GTI (01-05),131.95,85.75
HT823DPSA-SNCA,GTS (01) / GTI (01-05),131.95,85.75
HT823DPSA-WHT,GTS (01) / GTI (01-05),131.95,85.75
HT823DPSA-Yell,GTS (01) / GTI (01-05),131.95,85.75
HT823DPSA-YLCA,GTS (01) / GTI (01-05),131.95,85.75
HT823GPSA-BLCA,GTS (01) / GTI (01-05),131.95,85.75
HT823GPSA-BLK,GTS (01) / GTI (01-05),131.95,85.75
HT823GPSA-BLMA,GTS (01) / GTI (01-05),131.95,85.75
HT823GPSA-DBlU,GTS (01) / GTI (01-05),131.95,85.75
HT823GPSA-DKGR,GTS (01) / GTI (01-05),131.95,85.75
HT823GPSA-Gray,GTS (01) / GTI (01-05),131.95,85.75
HT823GPSA-GRCA,GTS (01) / GTI (01-05),131.95,85.75
HT823GPSA-LG,GTS (01) / GTI (01-05),131.95,85.75
HT823GPSA-LGCA,GTS (01) / GTI (01-05),131.95,85.75
HT823GPSA-LTBLU,GTS (01) / GTI (01-05),131.95,85.75
HT823GPSA-ORAN,GTS (01) / GTI (01-05),131.95,85.75
HT823GPSA-PINK,GTS (01) / GTI (01-05),131.95,85.75
HT823GPSA-PLMA,GTS (01) / GTI (01-05),131.95,85.75
HT823GPSA-PRPL,GTS (01) / GTI (01-05),131.95,85.75
HT823GPSA-RBLU,GTS (01) / GTI (01-05),131.95,85.75
HT823GPSA-RDCA,GTS (01) / GTI (01-05),131.95,85.75
HT823GPSA-RED,GTS (01) / GTI (01-05),131.95,85.75
HT823GPSA-RLMA,GTS (01) / GTI (01-05),131.95,85.75
HT823GPSA-SNCA,GTS (01) / GTI (01-05),131.95,85.75
HT823GPSA-WHT,GTS (01) / GTI (01-05),131.95,85.75
HT823GPSA-Yell,GTS (01) / GTI (01-05),131.95,85.75
HT823GPSA-YLCA,GTS (01) / GTI (01-05),131.95,85.75
HT823MDPSA-BLK,GTS (01) / GTI (01-05),131.95,85.75
HT823MDPSA-DKGR,GTS (01) / GTI (01-05),131.95,85.75
HT823MDPSA-Gray,GTS (01) / GTI (01-05),131.95,85.75
HT823MDPSA-LG,GTS (01) / GTI (01-05),131.95,85.75
HT823MDPSA-RBLU,GTS (01) / GTI (01-05),131.95,85.75
HT823MDPSA-RED,GTS (01) / GTI (01-05),131.95,85.75
HT823MDPSA-WHT,GTS (01) / GTI (01-05),131.95,85.75
HT824-2TDPSA-BLK-BLU,"GTI 4-TEC 06-08/GTI/GTI SE 130 155, Wake 155 09-20",173.95,113.05
HT824-2TDPSA-BLK-DKG,"GTI 4-TEC 06-08/GTI/GTI SE 130 155, Wake 155 09-23",173.95,113.05
HT824-2TDPSA-BLK-GRA,"GTI 4-TEC 06-08/GTI/GTI SE 130 155, Wake 155 09-21",173.95,113.05
HT824-2TDPSA-BLK-LG,"GTI 4-TEC 06-08/GTI/GTI SE 130 155, Wake 155 09-22",173.95,113.05
HT824-2TDPSA-BLK-ORA,"GTI 4-TEC 06-08/GTI/GTI SE 130 155, Wake 155 09-10",173.95,113.05
HT824-2TDPSA-BLK-PIN,"GTI 4-TEC 06-08/GTI/GTI SE 130 155, Wake 155 09-11",173.95,113.05
HT824-2TDPSA-BLK-RED,"GTI 4-TEC 06-08/GTI/GTI SE 130 155, Wake 155 09-12",173.95,113.05
HT824-2TDPSA-BLK-WHT,"GTI 4-TEC 06-08/GTI/GTI SE 130 155, Wake 155 09-13",173.95,113.05
HT824-2TDPSA-BLK-YL,"GTI 4-TEC 06-08/GTI/GTI SE 130 155, Wake 155 09-20",173.95,113.05
HT824-2TDPSA-BLU-BLK,"GTI 4-TEC 06-08/GTI/GTI SE 130 155, Wake 155 09-23",173.95,113.05
HT824-2TDPSA-DKG-BLK,"GTI 4-TEC 06-08/GTI/GTI SE 130 155, Wake 155 09-21",173.95,113.05
HT824-2TDPSA-GRA-BLK,"GTI 4-TEC 06-08/GTI/GTI SE 130 155, Wake 155 09-22",173.95,113.05
HT824-2TDPSA-LG-BLK,"GTI 4-TEC 06-08/GTI/GTI SE 130 155, Wake 155 09-10",173.95,113.05
HT824-2TDPSA-RED-BLK,"GTI 4-TEC 06-08/GTI/GTI SE 130 155, Wake 155 09-11",173.95,113.05
HT824-2TGPSA-BLK-BLU,"GTI 4-TEC 06-08/GTI/GTI SE 130 155, Wake 155 09-12",173.95,113.05
HT824-2TGPSA-BLK-DKG,"GTI 4-TEC 06-08/GTI/GTI SE 130 155, Wake 155 09-13",173.95,113.05
HT824-2TGPSA-BLK-GRA,"GTI 4-TEC 06-08/GTI/GTI SE 130 155, Wake 155 09-20",173.95,113.05
HT824-2TGPSA-BLK-LG,"GTI 4-TEC 06-08/GTI/GTI SE 130 155, Wake 155 09-23",173.95,113.05
HT824-2TGPSA-BLK-ORA,"GTI 4-TEC 06-08/GTI/GTI SE 130 155, Wake 155 09-21",173.95,113.05
HT824-2TGPSA-BLK-PIN,"GTI 4-TEC 06-08/GTI/GTI SE 130 155, Wake 155 09-22",173.95,113.05
HT824-2TGPSA-BLK-RED,"GTI 4-TEC 06-08/GTI/GTI SE 130 155, Wake 155 09-10",173.95,113.05
HT824-2TGPSA-BLK-WHT,"GTI 4-TEC 06-08/GTI/GTI SE 130 155, Wake 155 09-11",173.95,113.05
HT824-2TGPSA-BLK-YEL,"GTI 4-TEC 06-08/GTI/GTI SE 130 155, Wake 155 09-12",173.95,113.05
HT824-2TGPSA-BLU-BLK,"GTI 4-TEC 06-08/GTI/GTI SE 130 155, Wake 155 09-13",173.95,113.05
HT824-2TGPSA-DKG-BLK,"GTI 4-TEC 06-08/GTI/GTI SE 130 155, Wake 155 09-20",173.95,113.05
HT824-2TGPSA-GRA-BLK,"GTI 4-TEC 06-08/GTI/GTI SE 130 155, Wake 155 09-23",173.95,113.05
HT824-2TGPSA-LG-BLK,"GTI 4-TEC 06-08/GTI/GTI SE 130 155, Wake 155 09-21",173.95,113.05
HT824-2TGPSA-RED-BLK,"GTI 4-TEC 06-08/GTI/GTI SE 130 155, Wake 155 09-22",173.95,113.05
HT824DPSA-BLCA,"GTI 4-TEC 06-08/GTI/GTI SE 130 155, Wake 155 09-10",144.95,94.2
HT824DPSA-BLK,"GTI 4-TEC 06-08/GTI/GTI SE 130 155, Wake 155 09-11",144.95,94.2
HT824DPSA-BLMA,"GTI 4-TEC 06-08/GTI/GTI SE 130 155, Wake 155 09-12",144.95,94.2
HT824DPSA-DBlU,"GTI 4-TEC 06-08/GTI/GTI SE 130 155, Wake 155 09-13",144.95,94.2
HT824DPSA-DKGR,"GTI 4-TEC 06-08/GTI/GTI SE 130 155, Wake 155 09-20",144.95,94.2
HT824DPSA-Gray,"GTI 4-TEC 06-08/GTI/GTI SE 130 155, Wake 155 09-23",144.95,94.2
HT824DPSA-GRCA,"GTI 4-TEC 06-08/GTI/GTI SE 130 155, Wake 155 09-21",144.95,94.2
HT824DPSA-LG,"GTI 4-TEC 06-08/GTI/GTI SE 130 155, Wake 155 09-22",144.95,94.2
HT824DPSA-LGCA,"GTI 4-TEC 06-08/GTI/GTI SE 130 155, Wake 155 09-10",144.95,94.2
HT824DPSA-LTBLU,"GTI 4-TEC 06-08/GTI/GTI SE 130 155, Wake 155 09-11",144.95,94.2
HT824DPSA-ORAN,"GTI 4-TEC 06-08/GTI/GTI SE 130 155, Wake 155 09-12",144.95,94.2
HT824DPSA-PINK,"GTI 4-TEC 06-08/GTI/GTI SE 130 155, Wake 155 09-13",144.95,94.2
HT824DPSA-PLMA,"GTI 4-TEC 06-08/GTI/GTI SE 130 155, Wake 155 09-20",144.95,94.2
HT824DPSA-PRPL,"GTI 4-TEC 06-08/GTI/GTI SE 130 155, Wake 155 09-23",144.95,94.2
HT824DPSA-RBLU,"GTI 4-TEC 06-08/GTI/GTI SE 130 155, Wake 155 09-21",144.95,94.2
HT824DPSA-RDCA,"GTI 4-TEC 06-08/GTI/GTI SE 130 155, Wake 155 09-22",144.95,94.2
HT824DPSA-RED,"GTI 4-TEC 06-08/GTI/GTI SE 130 155, Wake 155 09-10",144.95,94.2
HT824DPSA-RLMA,"GTI 4-TEC 06-08/GTI/GTI SE 130 155, Wake 155 09-11",144.95,94.2
HT824DPSA-SNCA,"GTI 4-TEC 06-08/GTI/GTI SE 130 155, Wake 155 09-12",144.95,94.2
HT824DPSA-WHT,"GTI 4-TEC 06-08/GTI/GTI SE 130 155, Wake 155 09-13",144.95,94.2
HT824DPSA-Yell,"GTI 4-TEC 06-08/GTI/GTI SE 130 155, Wake 155 09-20",144.95,94.2
HT824DPSA-YLCA,"GTI 4-TEC 06-08/GTI/GTI SE 130 155, Wake 155 09-23",144.95,94.2
HT824GPSA-BLCA,"GTI 4-TEC 06-08/GTI/GTI SE 130 155, Wake 155 09-21",144.95,94.2
HT824GPSA-BLK,"GTI 4-TEC 06-08/GTI/GTI SE 130 155, Wake 155 09-22",144.95,94.2
HT824GPSA-BLMA,"GTI 4-TEC 06-08/GTI/GTI SE 130 155, Wake 155 09-10",144.95,94.2
HT824GPSA-DBlU,"GTI 4-TEC 06-08/GTI/GTI SE 130 155, Wake 155 09-11",144.95,94.2
HT824GPSA-DKGR,"GTI 4-TEC 06-08/GTI/GTI SE 130 155, Wake 155 09-12",144.95,94.2
HT824GPSA-Gray,"GTI 4-TEC 06-08/GTI/GTI SE 130 155, Wake 155 09-13",144.95,94.2
HT824GPSA-GRCA,"GTI 4-TEC 06-08/GTI/GTI SE 130 155, Wake 155 09-20",144.95,94.2
HT824GPSA-LG,"GTI 4-TEC 06-08/GTI/GTI SE 130 155, Wake 155 09-23",144.95,94.2
HT824GPSA-LGCA,"GTI 4-TEC 06-08/GTI/GTI SE 130 155, Wake 155 09-21",144.95,94.2
HT824GPSA-LTBLU,"GTI 4-TEC 06-08/GTI/GTI SE 130 155, Wake 155 09-22",144.95,94.2
HT824GPSA-ORAN,"GTI 4-TEC 06-08/GTI/GTI SE 130 155, Wake 155 09-10",144.95,94.2
HT824GPSA-PINK,"GTI 4-TEC 06-08/GTI/GTI SE 130 155, Wake 155 09-11",144.95,94.2
HT824GPSA-PLMA,"GTI 4-TEC 06-08/GTI/GTI SE 130 155, Wake 155 09-12",144.95,94.2
HT824GPSA-PRPL,"GTI 4-TEC 06-08/GTI/GTI SE 130 155, Wake 155 09-13",144.95,94.2
HT824GPSA-RBLU,"GTI 4-TEC 06-08/GTI/GTI SE 130 155, Wake 155 09-20",144.95,94.2
HT824GPSA-RDCA,"GTI 4-TEC 06-08/GTI/GTI SE 130 155, Wake 155 09-23",144.95,94.2
HT824GPSA-RED,"GTI 4-TEC 06-08/GTI/GTI SE 130 155, Wake 155 09-21",144.95,94.2
HT824GPSA-RLMA,"GTI 4-TEC 06-08/GTI/GTI SE 130 155, Wake 155 09-22",144.95,94.2
HT824GPSA-SNCA,"GTI 4-TEC 06-08/GTI/GTI SE 130 155, Wake 155 09-10",144.95,94.2
HT824GPSA-WHT,"GTI 4-TEC 06-08/GTI/GTI SE 130 155, Wake 155 09-11",144.95,94.2
HT824GPSA-Yell,"GTI 4-TEC 06-08/GTI/GTI SE 130 155, Wake 155 09-12",144.95,94.2
HT824GPSA-YLCA,"GTI 4-TEC 06-08/GTI/GTI SE 130 155, Wake 155 09-13",144.95,94.2
HT824MDPSA-BLK,"GTI 4-TEC 06-08/GTI/GTI SE 130 155, Wake 155 09-20",144.95,94.2
HT824MDPSA-DKGR,"GTI 4-TEC 06-08/GTI/GTI SE 130 155, Wake 155 09-23",144.95,94.2
HT824MDPSA-Gray,"GTI 4-TEC 06-08/GTI/GTI SE 130 155, Wake 155 09-21",144.95,94.2
HT824MDPSA-LG,"GTI 4-TEC 06-08/GTI/GTI SE 130 155, Wake 155 09-22",144.95,94.2
HT824MDPSA-RBLU,"GTI 4-TEC 06-08/GTI/GTI SE 130 155, Wake 155 09-10",144.95,94.2
HT824MDPSA-RED,"GTI 4-TEC 06-08/GTI/GTI SE 130 155, Wake 155 09-11",144.95,94.2
HT824MDPSA-WHT,"GTI 4-TEC 06-08/GTI/GTI SE 130 155, Wake 155 09-12",144.95,94.2
HT82DPSA-BLCA,GT Family (90-95) GTI (96) / GTS (96-00),131.95,85.75
HT82DPSA-BLK,GT Family (90-95) GTI (96) / GTS (96-00),131.95,85.75
HT82DPSA-BLMA,GT Family (90-95) GTI (96) / GTS (96-00),131.95,85.75
HT82DPSA-DBlU,GT Family (90-95) GTI (96) / GTS (96-00),131.95,85.75
HT82DPSA-DKGR,GT Family (90-95) GTI (96) / GTS (96-00),131.95,85.75
HT82DPSA-Gray,GT Family (90-95) GTI (96) / GTS (96-00),131.95,85.75
HT82DPSA-GRCA,GT Family (90-95) GTI (96) / GTS (96-00),131.95,85.75
HT82DPSA-LG,GT Family (90-95) GTI (96) / GTS (96-00),131.95,85.75
HT82DPSA-LGCA,GT Family (90-95) GTI (96) / GTS (96-00),131.95,85.75
HT82DPSA-LTBLU,GT Family (90-95) GTI (96) / GTS (96-00),131.95,85.75
HT82DPSA-ORAN,GT Family (90-95) GTI (96) / GTS (96-00),131.95,85.75
HT82DPSA-PINK,GT Family (90-95) GTI (96) / GTS (96-00),131.95,85.75
HT82DPSA-PLMA,GT Family (90-95) GTI (96) / GTS (96-00),131.95,85.75
HT82DPSA-PRPL,GT Family (90-95) GTI (96) / GTS (96-00),131.95,85.75
HT82DPSA-RBLU,GT Family (90-95) GTI (96) / GTS (96-00),131.95,85.75
HT82DPSA-RDCA,GT Family (90-95) GTI (96) / GTS (96-00),131.95,85.75
HT82DPSA-RED,GT Family (90-95) GTI (96) / GTS (96-00),131.95,85.75
HT82DPSA-RLMAR,GT Family (90-95) GTI (96) / GTS (96-00),131.95,85.75
HT82DPSA-SNCA,GT Family (90-95) GTI (96) / GTS (96-00),131.95,85.75
HT82DPSA-WHT,GT Family (90-95) GTI (96) / GTS (96-00),131.95,85.75
HT82DPSA-Yell,GT Family (90-95) GTI (96) / GTS (96-00),131.95,85.75
HT82DPSA-YLCA,GT Family (90-95) GTI (96) / GTS (96-00),131.95,85.75
HT82MDPSA-BLK,GT Family (90-95) GTI (96) / GTS (96-00),131.95,85.75
HT82MDPSA-DKGR,GT Family (90-95) GTI (96) / GTS (96-00),131.95,85.75
HT82MDPSA-Gray,GT Family (90-95) GTI (96) / GTS (96-00),131.95,85.75
HT82MDPSA-LG,GT Family (90-95) GTI (96) / GTS (96-00),131.95,85.75
HT82MDPSA-RBLU,GT Family (90-95) GTI (96) / GTS (96-00),131.95,85.75
HT82MDPSA-RED,GT Family (90-95) GTI (96) / GTS (96-00),131.95,85.75
HT82MDPSA-WHT,GT Family (90-95) GTI (96) / GTS (96-00),131.95,85.75
HT831-2TDPSA-BLK-BLU,GS Family,158.95,103.3
HT831-2TDPSA-BLK-DKG,GS Family,158.95,103.3
HT831-2TDPSA-BLK-GRA,GS Family,158.95,103.3
HT831-2TDPSA-BLK-LG,GS Family,158.95,103.3
HT831-2TDPSA-BLK-ORA,GS Family,158.95,103.3
HT831-2TDPSA-BLK-PIN,GS Family,158.95,103.3
HT831-2TDPSA-BLK-RED,GS Family,158.95,103.3
HT831-2TDPSA-BLK-WHT,GS Family,158.95,103.3
HT831-2TDPSA-BLK-YL,GS Family,158.95,103.3
HT831-2TDPSA-BLU-BLK,GS Family,158.95,103.3
HT831-2TDPSA-DKG-BLK,GS Family,158.95,103.3
HT831-2TDPSA-GRA-BLK,GS Family,158.95,103.3
HT831-2TDPSA-LG-BLK,GS Family,158.95,103.3
HT831-2TDPSA-RED-BLK,GS Family,158.95,103.3
HT831-2TGPSA-BLK-BLU,GS Family,158.95,103.3
HT831-2TGPSA-BLK-DKG,GS Family,158.95,103.3
HT831-2TGPSA-BLK-GRA,GS Family,158.95,103.3
HT831-2TGPSA-BLK-LG,GS Family,158.95,103.3
HT831-2TGPSA-BLK-ORA,GS Family,158.95,103.3
HT831-2TGPSA-BLK-PIN,GS Family,158.95,103.3
HT831-2TGPSA-BLK-RED,GS Family,158.95,103.3
HT831-2TGPSA-BLK-WHT,GS Family,158.95,103.3
HT831-2TGPSA-BLK-YEL,GS Family,158.95,103.3
HT831-2TGPSA-BLU-BLK,GS Family,158.95,103.3
HT831-2TGPSA-DKG-BLK,GS Family,158.95,103.3
HT831-2TGPSA-GRA-BLK,GS Family,158.95,103.3
HT831-2TGPSA-LG-BLK,GS Family,158.95,103.3
HT831-2TGPSA-RED-BLK,GS Family,158.95,103.3
HT831DPSA-BLCA,GS Family,131.95,85.75
HT831DPSA-BLK,GS Family,131.95,85.75
HT831DPSA-BLMA,GS Family,131.95,85.75
HT831DPSA-DBlU,GS Family,131.95,85.75
HT831DPSA-DKGR,GS Family,131.95,85.75
HT831DPSA-Gray,GS Family,131.95,85.75
HT831DPSA-GRCA,GS Family,131.95,85.75
HT831DPSA-LG,GS Family,131.95,85.75
HT831DPSA-LGCA,GS Family,131.95,85.75
HT831DPSA-LTBLU,GS Family,131.95,85.75
HT831DPSA-ORAN,GS Family,131.95,85.75
HT831DPSA-PINK,GS Family,131.95,85.75
HT831DPSA-PLMA,GS Family,131.95,85.75
HT831DPSA-PRPL,GS Family,131.95,85.75
HT831DPSA-RBLU,GS Family,131.95,85.75
HT831DPSA-RDCA,GS Family,131.95,85.75
HT831DPSA-RED,GS Family,131.95,85.75
HT831DPSA-RLMA,GS Family,131.95,85.75
HT831DPSA-SNCA,GS Family,131.95,85.75
HT831DPSA-WHT,GS Family,131.95,85.75
HT831DPSA-Yell,GS Family,131.95,85.75
HT831DPSA-YLCA,GS Family,131.95,85.75
HT831GPSA-BLCA,GS Family,131.95,85.75
HT831GPSA-BLK,GS Family,131.95,85.75
HT831GPSA-BLMA,GS Family,131.95,85.75
HT831GPSA-DBlU,GS Family,131.95,85.75
HT831GPSA-DKGR,GS Family,131.95,85.75
HT831GPSA-Gray,GS Family,131.95,85.75
HT831GPSA-GRCA,GS Family,131.95,85.75
HT831GPSA-LG,GS Family,131.95,85.75
HT831GPSA-LGCA,GS Family,131.95,85.75
HT831GPSA-LTBLU,GS Family,131.95,85.75
HT831GPSA-ORAN,GS Family,131.95,85.75
HT831GPSA-PINK,GS Family,131.95,85.75
HT831GPSA-PLMA,GS Family,131.95,85.75
HT831GPSA-PRPL,GS Family,131.95,85.75
HT831GPSA-RBLU,GS Family,131.95,85.75
HT831GPSA-RDCA,GS Family,131.95,85.75
HT831GPSA-RED,GS Family,131.95,85.75
HT831GPSA-RLMA,GS Family,131.95,85.75
HT831GPSA-SNCA,GS Family,131.95,85.75
HT831GPSA-WHT,GS Family,131.95,85.75
HT831GPSA-Yell,GS Family,131.95,85.75
HT831GPSA-YLCA,GS Family,131.95,85.75
HT831MDPSA-BLK,GS Family,131.95,85.75
HT831MDPSA-DKGR,GS Family,131.95,85.75
HT831MDPSA-Gray,GS Family,131.95,85.75
HT831MDPSA-LG,GS Family,131.95,85.75
HT831MDPSA-RBLU,GS Family,131.95,85.75
HT831MDPSA-RED,GS Family,131.95,85.75
HT831MDPSA-WHT,GS Family,131.95,85.75
HT83-2TDPSA-BLK-BLU,XP (93-96) / SP Family (94-99),158.95,103.3
HT83-2TDPSA-BLK-DKGR,XP (93-96) / SP Family (94-99),158.95,103.3
HT83-2TDPSA-BLK-GRA,XP (93-96) / SP Family (94-99),158.95,103.3
HT83-2TDPSA-BLK-LG,XP (93-96) / SP Family (94-99),158.95,103.3
HT83-2TDPSA-BLK-ORAN,XP (93-96) / SP Family (94-99),158.95,103.3
HT83-2TDPSA-BLK-PINK,XP (93-96) / SP Family (94-99),158.95,103.3
HT83-2TDPSA-BLK-RED,XP (93-96) / SP Family (94-99),158.95,103.3
HT83-2TDPSA-BLK-WHT,XP (93-96) / SP Family (94-99),158.95,103.3
HT83-2TDPSA-BLK-YELL,XP (93-96) / SP Family (94-99),158.95,103.3
HT83-2TDPSA-BLU-BLK,XP (93-96) / SP Family (94-99),158.95,103.3
HT83-2TDPSA-DKG-BLK,XP (93-96) / SP Family (94-99),158.95,103.3
HT83-2TDPSA-GRA-BLK,XP (93-96) / SP Family (94-99),158.95,103.3
HT83-2TDPSA-LG-BLK,XP (93-96) / SP Family (94-99),158.95,103.3
HT83-2TDPSA-RED-BLK,XP (93-96) / SP Family (94-99),158.95,103.3
HT83-2TG-BLK-DKGR,XP (93-96) / SP Family (94-99),158.95,103.3
HT83-2TG-BLK-LG,XP (93-96) / SP Family (94-99),158.95,103.3
HT83-2TGPSA-BLK-BLU,XP (93-96) / SP Family (94-99),158.95,103.3
HT83-2TGPSA-BLK-GRA,XP (93-96) / SP Family (94-99),158.95,103.3
HT83-2TGPSA-BLK-LG,XP (93-96) / SP Family (94-99),158.95,103.3
HT83-2TGPSA-BLK-ORAN,XP (93-96) / SP Family (94-99),158.95,103.3
HT83-2TGPSA-BLK-PINK,XP (93-96) / SP Family (94-99),158.95,103.3
HT83-2TGPSA-BLK-RED,XP (93-96) / SP Family (94-99),158.95,103.3
HT83-2TGPSA-BLK-WHT,XP (93-96) / SP Family (94-99),158.95,103.3
HT83-2TGPSA-BLK-YELL,XP (93-96) / SP Family (94-99),158.95,103.3
HT83-2TGPSA-BLU-BLK,XP (93-96) / SP Family (94-99),158.95,103.3
HT83-2TGPSA-DKG-BLK,XP (93-96) / SP Family (94-99),158.95,103.3
HT83-2TGPSA-GRA-BLK,XP (93-96) / SP Family (94-99),158.95,103.3
HT83-2TGPSA-LG-BLK,XP (93-96) / SP Family (94-99),158.95,103.3
HT83-2TGPSA-RED-BLK,XP (93-96) / SP Family (94-99),158.95,103.3
HT83DPSA-BLCA,XP (93-96) / SP Family (94-99),131.95,85.75
HT83DPSA-BLK,XP (93-96) / SP Family (94-99),131.95,85.75
HT83DPSA-BLMA,XP (93-96) / SP Family (94-99),131.95,85.75
HT83DPSA-DBlU,XP (93-96) / SP Family (94-99),131.95,85.75
HT83DPSA-DKGR,XP (93-96) / SP Family (94-99),131.95,85.75
HT83DPSA-Gray,XP (93-96) / SP Family (94-99),131.95,85.75
HT83DPSA-GRCA,XP (93-96) / SP Family (94-99),131.95,85.75
HT83DPSA-LG,XP (93-96) / SP Family (94-99),131.95,85.75
HT83DPSA-LGCA,XP (93-96) / SP Family (94-99),131.95,85.75
HT83DPSA-LTBLU,XP (93-96) / SP Family (94-99),131.95,85.75
HT83DPSA-ORAN,XP (93-96) / SP Family (94-99),131.95,85.75
HT83DPSA-PINK,XP (93-96) / SP Family (94-99),131.95,85.75
HT83DPSA-PLMA,XP (93-96) / SP Family (94-99),131.95,85.75
HT83DPSA-PRPL,XP (93-96) / SP Family (94-99),131.95,85.75
HT83DPSA-RBLU,XP (93-96) / SP Family (94-99),131.95,85.75
HT83DPSA-RDCA,XP (93-96) / SP Family (94-99),131.95,85.75
HT83DPSA-RED,XP (93-96) / SP Family (94-99),131.95,85.75
HT83DPSA-RLMA,XP (93-96) / SP Family (94-99),131.95,85.75
HT83DPSA-SNCA,XP (93-96) / SP Family (94-99),131.95,85.75
HT83DPSA-WHT,XP (93-96) / SP Family (94-99),131.95,85.75
HT83DPSA-Yell,XP (93-96) / SP Family (94-99),131.95,85.75
HT83DPSA-YLCA,XP (93-96) / SP Family (94-99),131.95,85.75
HT83GPSA-BLCA,XP (93-96) / SP Family (94-99),131.95,85.75
HT83GPSA-BLK,XP (93-96) / SP Family (94-99),131.95,85.75
HT83GPSA-BLMA,XP (93-96) / SP Family (94-99),131.95,85.75
HT83GPSA-DBlU,XP (93-96) / SP Family (94-99),131.95,85.75
HT83GPSA-DKGR,XP (93-96) / SP Family (94-99),131.95,85.75
HT83GPSA-Gray,XP (93-96) / SP Family (94-99),131.95,85.75
HT83GPSA-GRCA,XP (93-96) / SP Family (94-99),131.95,85.75
HT83GPSA-LG,XP (93-96) / SP Family (94-99),131.95,85.75
HT83GPSA-LGCA,XP (93-96) / SP Family (94-99),131.95,85.75
HT83GPSA-LTBLU,XP (93-96) / SP Family (94-99),131.95,85.75
HT83GPSA-ORAN,XP (93-96) / SP Family (94-99),131.95,85.75
HT83GPSA-PINK,XP (93-96) / SP Family (94-99),131.95,85.75
HT83GPSA-PLMA,XP (93-96) / SP Family (94-99),131.95,85.75
HT83GPSA-PRPL,XP (93-96) / SP Family (94-99),131.95,85.75
HT83GPSA-RBLU,XP (93-96) / SP Family (94-99),131.95,85.75
HT83GPSA-RDCA,XP (93-96) / SP Family (94-99),131.95,85.75
HT83GPSA-RED,XP (93-96) / SP Family (94-99),131.95,85.75
HT83GPSA-RLMA,XP (93-96) / SP Family (94-99),131.95,85.75
HT83GPSA-SNCA,XP (93-96) / SP Family (94-99),131.95,85.75
HT83GPSA-WHT,XP (93-96) / SP Family (94-99),131.95,85.75
HT83GPSA-Yell,XP (93-96) / SP Family (94-99),131.95,85.75
HT83GPSA-YLCA,XP (93-96) / SP Family (94-99),131.95,85.75
HT83MDPSA-BLK,XP (93-96) / SP Family (94-99),131.95,85.75
HT83MDPSA-DKGR,XP (93-96) / SP Family (94-99),131.95,85.75
HT83MDPSA-Gray,XP (93-96) / SP Family (94-99),131.95,85.75
HT83MDPSA-LG,XP (93-96) / SP Family (94-99),131.95,85.75
HT83MDPSA-RBLU,XP (93-96) / SP Family (94-99),131.95,85.75
HT83MDPSA-RED,XP (93-96) / SP Family (94-99),131.95,85.75
HT83MDPSA-WHT,XP (93-96) / SP Family (94-99),131.95,85.75
HT84-2TDPSA-BLK-BLU,XP (97-04),158.95,103.3
HT84-2TDPSA-BLK-DKGR,XP (97-04),158.95,103.3
HT84-2TDPSA-BLK-GRA,XP (97-04),158.95,103.3
HT84-2TDPSA-BLK-LG,XP (97-04),158.95,103.3
HT84-2TDPSA-BLK-ORAN,XP (97-04),158.95,103.3
HT84-2TDPSA-BLK-PINK,XP (97-04),158.95,103.3
HT84-2TDPSA-BLK-RED,XP (97-04),158.95,103.3
HT84-2TDPSA-BLK-WHT,XP (97-04),158.95,103.3
HT84-2TDPSA-BLK-YELL,XP (97-04),158.95,103.3
HT84-2TDPSA-BLU-BLK,XP (97-04),158.95,103.3
HT84-2TDPSA-DKG-BLK,XP (97-04),158.95,103.3
HT84-2TDPSA-GRA-BLK,XP (97-04),158.95,103.3
HT84-2TDPSA-LG-BLK,XP (97-04),158.95,103.3
HT84-2TDPSA-RED-BLK,XP (97-04),158.95,103.3
HT84-2TGPSA-BLK-BLU,XP (97-04),158.95,103.3
HT84-2TGPSA-BLK-DKGR,XP (97-04),158.95,103.3
HT84-2TGPSA-BLK-GRA,XP (97-04),158.95,103.3
HT84-2TGPSA-BLK-LG,XP (97-04),158.95,103.3
HT84-2TGPSA-BLK-ORAN,XP (97-04),158.95,103.3
HT84-2TGPSA-BLK-PINK,XP (97-04),158.95,103.3
HT84-2TGPSA-BLK-RED,XP (97-04),158.95,103.3
HT84-2TGPSA-BLK-WHT,XP (97-04),158.95,103.3
HT84-2TGPSA-BLK-YELL,XP (97-04),158.95,103.3
HT84-2TGPSA-BLU-BLK,XP (97-04),158.95,103.3
HT84-2TGPSA-DKG-BLK,XP (97-04),158.95,103.3
HT84-2TGPSA-GRA-BLK,XP (97-04),158.95,103.3
HT84-2TGPSA-LG-BLK,XP (97-04),158.95,103.3
HT84-2TGPSA-RED-BLK,XP (97-04),158.95,103.3
HT84DPSA-BLCA,XP (97-04),131.95,85.75
HT84DPSA-BLK,XP (97-04),131.95,85.75
HT84DPSA-BLMA,XP (97-04),131.95,85.75
HT84DPSA-DBlU,XP (97-04),131.95,85.75
HT84DPSA-DKGR,XP (97-04),131.95,85.75
HT84DPSA-Gray,XP (97-04),131.95,85.75
HT84DPSA-GRCA,XP (97-04),131.95,85.75
HT84DPSA-LG,XP (97-04),131.95,85.75
HT84DPSA-LGCA,XP (97-04),131.95,85.75
HT84DPSA-LTBLU,XP (97-04),131.95,85.75
HT84DPSA-ORAN,XP (97-04),131.95,85.75
HT84DPSA-PINK,XP (97-04),131.95,85.75
HT84DPSA-PLMA,XP (97-04),131.95,85.75
HT84DPSA-PRPL,XP (97-04),131.95,85.75
HT84DPSA-RBLU,XP (97-04),131.95,85.75
HT84DPSA-RDCA,XP (97-04),131.95,85.75
HT84DPSA-RED,XP (97-04),131.95,85.75
HT84DPSA-RLMA,XP (97-04),131.95,85.75
HT84DPSA-SNCA,XP (97-04),131.95,85.75
HT84DPSA-WHT,XP (97-04),131.95,85.75
HT84DPSA-Yell,XP (97-04),131.95,85.75
HT84DPSA-YLCA,XP (97-04),131.95,85.75
HT84GPSA-BLCA,XP (97-04),131.95,85.75
HT84GPSA-BLK,XP (97-04),131.95,85.75
HT84GPSA-BLMA,XP (97-04),131.95,85.75
HT84GPSA-DBlU,XP (97-04),131.95,85.75
HT84GPSA-DKGR,XP (97-04),131.95,85.75
HT84GPSA-Gray,XP (97-04),131.95,85.75
HT84GPSA-GRCA,XP (97-04),131.95,85.75
HT84GPSA-LG,XP (97-04),131.95,85.75
HT84GPSA-LGCA,XP (97-04),131.95,85.75
HT84GPSA-LTBLU,XP (97-04),131.95,85.75
HT84GPSA-ORAN,XP (97-04),131.95,85.75
HT84GPSA-PINK,XP (97-04),131.95,85.75
HT84GPSA-PLMA,XP (97-04),131.95,85.75
HT84GPSA-PRPL,XP (97-04),131.95,85.75
HT84GPSA-RBLU,XP (97-04),131.95,85.75
HT84GPSA-RDCA,XP (97-04),131.95,85.75
HT84GPSA-RED,XP (97-04),131.95,85.75
HT84GPSA-RLMA,XP (97-04),131.95,85.75
HT84GPSA-SNCA,XP (97-04),131.95,85.75
HT84GPSA-WHT,XP (97-04),131.95,85.75
HT84GPSA-Yell,XP (97-04),131.95,85.75
HT84GPSA-YLCA,XP (97-04),131.95,85.75
HT84MDPSA-BLK,XP (97-04),131.95,85.75
HT84MDPSA-DKGR,XP (97-04),131.95,85.75
HT84MDPSA-Gray,XP (97-04),131.95,85.75
HT84MDPSA-LG,XP (97-04),131.95,85.75
HT84MDPSA-RBLU,XP (97-04),131.95,85.75
HT84MDPSA-RED,XP (97-04),131.95,85.75
HT84MDPSA-WHT,XP (97-04),131.95,85.75
HT85-2TDPSA-BLK-BLU,LRV,158.95,103.3
HT85-2TDPSA-BLK-DKGR,LRV,158.95,103.3
HT85-2TDPSA-BLK-GRA,LRV,158.95,103.3
HT85-2TDPSA-BLK-LG,LRV,158.95,103.3
HT85-2TDPSA-BLK-ORAN,LRV,158.95,103.3
HT85-2TDPSA-BLK-PINK,LRV,158.95,103.3
HT85-2TDPSA-BLK-RED,LRV,158.95,103.3
HT85-2TDPSA-BLK-WHT,LRV,158.95,103.3
HT85-2TDPSA-BLK-YELL,LRV,158.95,103.3
HT85-2TDPSA-BLU-BLK,LRV,158.95,103.3
HT85-2TDPSA-DKG-BLK,LRV,158.95,103.3
HT85-2TDPSA-GRA-BLK,LRV,158.95,103.3
HT85-2TDPSA-LG-BLK,LRV,158.95,103.3
HT85-2TDPSA-RED-BLK,LRV,158.95,103.3
HT85-2TGPSA-BLK-BLU,LRV,158.95,103.3
HT85-2TGPSA-BLK-DKGR,LRV,158.95,103.3
HT85-2TGPSA-BLK-GRA,LRV,158.95,103.3
HT85-2TGPSA-BLK-LG,LRV,158.95,103.3
HT85-2TGPSA-BLK-ORAN,LRV,158.95,103.3
HT85-2TGPSA-BLK-PINK,LRV,158.95,103.3
HT85-2TGPSA-BLK-RED,LRV,158.95,103.3
HT85-2TGPSA-BLK-WHT,LRV,158.95,103.3
HT85-2TGPSA-BLK-YELL,LRV,158.95,103.3
HT85-2TGPSA-BLU-BLK,LRV,158.95,103.3
HT85-2TGPSA-DKG-BLK,LRV,158.95,103.3
HT85-2TGPSA-GRA-BLK,LRV,158.95,103.3
HT85-2TGPSA-LG-BLK,LRV,158.95,103.3
HT85-2TGPSA-RED-BLK,LRV,158.95,103.3
HT85DPSA-BLCA,LRV,131.95,85.75
HT85DPSA-BLK,LRV,131.95,85.75
HT85DPSA-BLMA,LRV,131.95,85.75
HT85DPSA-DBlU,LRV,131.95,85.75
HT85DPSA-DKGR,LRV,131.95,85.75
HT85DPSA-Gray,LRV,131.95,85.75
HT85DPSA-GRCA,LRV,131.95,85.75
HT85DPSA-LG,LRV,131.95,85.75
HT85DPSA-LGCA,LRV,131.95,85.75
HT85DPSA-LTBLU,LRV,131.95,85.75
HT85DPSA-ORAN,LRV,131.95,85.75
HT85DPSA-PINK,LRV,131.95,85.75
HT85DPSA-PLMA,LRV,131.95,85.75
HT85DPSA-PRPL,LRV,131.95,85.75
HT85DPSA-RBLU,LRV,131.95,85.75
HT85DPSA-RDCA,LRV,131.95,85.75
HT85DPSA-RED,LRV,131.95,85.75
HT85DPSA-RLMA,LRV,131.95,85.75
HT85DPSA-SNCA,LRV,131.95,85.75
HT85DPSA-WHT,LRV,131.95,85.75
HT85DPSA-Yell,LRV,131.95,85.75
HT85DPSA-YLCA,LRV,131.95,85.75
HT85GPSA-BLCA,LRV,131.95,85.75
HT85GPSA-BLK,LRV,131.95,85.75
HT85GPSA-BLMA,LRV,131.95,85.75
HT85GPSA-DBlU,LRV,131.95,85.75
HT85GPSA-DKGR,LRV,131.95,85.75
HT85GPSA-Gray,LRV,131.95,85.75
HT85GPSA-GRCA,LRV,131.95,85.75
HT85GPSA-LG,LRV,131.95,85.75
HT85GPSA-LGCA,LRV,131.95,85.75
HT85GPSA-LTBLU,LRV,131.95,85.75
HT85GPSA-ORAN,LRV,131.95,85.75
HT85GPSA-PINK,LRV,131.95,85.75
HT85GPSA-PLMA,LRV,131.95,85.75
HT85GPSA-PRPL,LRV,131.95,85.75
HT85GPSA-RBLU,LRV,131.95,85.75
HT85GPSA-RDCA,LRV,131.95,85.75
HT85GPSA-RED,LRV,131.95,85.75
HT85GPSA-RLMA,LRV,131.95,85.75
HT85GPSA-SNCA,LRV,131.95,85.75
HT85GPSA-WHT,LRV,131.95,85.75
HT85GPSA-Yell,LRV,131.95,85.75
HT85GPSA-YLCA,LRV,131.95,85.75
HT85MDPSA-BLK,LRV,131.95,85.75
HT85MDPSA-DKGR,LRV,131.95,85.75
HT85MDPSA-Gray,LRV,131.95,85.75
HT85MDPSA-LG,LRV,131.95,85.75
HT85MDPSA-RBLU,LRV,131.95,85.75
HT85MDPSA-RED,LRV,131.95,85.75
HT85MDPSA-WHT,LRV,131.95,85.75
HT86-2TDPSA-BLK-BLU,RX / RXX,158.95,103.3
HT86-2TDPSA-BLK-DKGR,RX / RXX,158.95,103.3
HT86-2TDPSA-BLK-GRA,RX / RXX,158.95,103.3
HT86-2TDPSA-BLK-LG,RX / RXX,158.95,103.3
HT86-2TDPSA-BLK-ORAN,RX / RXX,158.95,103.3
HT86-2TDPSA-BLK-PINK,RX / RXX,158.95,103.3
HT86-2TDPSA-BLK-RED,RX / RXX,158.95,103.3
HT86-2TDPSA-BLK-WHT,RX / RXX,158.95,103.3
HT86-2TDPSA-BLK-YELL,RX / RXX,158.95,103.3
HT86-2TDPSA-BLU-BLK,RX / RXX,158.95,103.3
HT86-2TDPSA-DKG-BLK,RX / RXX,158.95,103.3
HT86-2TDPSA-GRA-BLK,RX / RXX,158.95,103.3
HT86-2TDPSA-LG-BLK,RX / RXX,158.95,103.3
HT86-2TDPSA-RED-BLK,RX / RXX,158.95,103.3
HT86-2TGPSA-BLK-BLU,RX / RXX,158.95,103.3
HT86-2TGPSA-BLK-DKGR,RX / RXX,158.95,103.3
HT86-2TGPSA-BLK-GRA,RX / RXX,158.95,103.3
HT86-2TGPSA-BLK-LG,RX / RXX,158.95,103.3
HT86-2TGPSA-BLK-ORAN,RX / RXX,158.95,103.3
HT86-2TGPSA-BLK-PINK,RX / RXX,158.95,103.3
HT86-2TGPSA-BLK-RED,RX / RXX,158.95,103.3
HT86-2TGPSA-BLK-WHT,RX / RXX,158.95,103.3
HT86-2TGPSA-BLK-YELL,RX / RXX,158.95,103.3
HT86-2TGPSA-BLU-BLK,RX / RXX,158.95,103.3
HT86-2TGPSA-DKG-BLK,RX / RXX,158.95,103.3
HT86-2TGPSA-GRA-BLK,RX / RXX,158.95,103.3
HT86-2TGPSA-LG-BLK,RX / RXX,158.95,103.3
HT86-2TGPSA-RED-BLK,RX / RXX,158.95,103.3
HT86DPSA-BLCA,RX / RXX,131.95,85.75
HT86DPSA-BLK,RX / RXX,131.95,85.75
HT86DPSA-BLMA,RX / RXX,131.95,85.75
HT86DPSA-DBlU,RX / RXX,131.95,85.75
HT86DPSA-DKGR,RX / RXX,131.95,85.75
HT86DPSA-Gray,RX / RXX,131.95,85.75
HT86DPSA-GRCA,RX / RXX,131.95,85.75
HT86DPSA-LG,RX / RXX,131.95,85.75
HT86DPSA-LGCA,RX / RXX,131.95,85.75
HT86DPSA-LTBLU,RX / RXX,131.95,85.75
HT86DPSA-ORAN,RX / RXX,131.95,85.75
HT86DPSA-PINK,RX / RXX,131.95,85.75
HT86DPSA-PLMA,RX / RXX,131.95,85.75
HT86DPSA-PRPL,RX / RXX,131.95,85.75
HT86DPSA-RBLU,RX / RXX,131.95,85.75
HT86DPSA-RDCA,RX / RXX,131.95,85.75
HT86DPSA-RED,RX / RXX,131.95,85.75
HT86DPSA-RLMA,RX / RXX,131.95,85.75
HT86DPSA-SNCA,RX / RXX,131.95,85.75
HT86DPSA-WHT,RX / RXX,131.95,85.75
HT86DPSA-Yell,RX / RXX,131.95,85.75
HT86DPSA-YLCA,RX / RXX,131.95,85.75
HT86GPSA-BLCA,RX / RXX,131.95,85.75
HT86GPSA-BLK,RX / RXX,131.95,85.75
HT86GPSA-BLMA,RX / RXX,131.95,85.75
HT86GPSA-DBlU,RX / RXX,131.95,85.75
HT86GPSA-DKGR,RX / RXX,131.95,85.75
HT86GPSA-Gray,RX / RXX,131.95,85.75
HT86GPSA-GRCA,RX / RXX,131.95,85.75
HT86GPSA-LG,RX / RXX,131.95,85.75
HT86GPSA-LGCA,RX / RXX,131.95,85.75
HT86GPSA-LTBLU,RX / RXX,131.95,85.75
HT86GPSA-ORAN,RX / RXX,131.95,85.75
HT86GPSA-PINK,RX / RXX,131.95,85.75
HT86GPSA-PLMA,RX / RXX,131.95,85.75
HT86GPSA-PRPL,RX / RXX,131.95,85.75
HT86GPSA-RBLU,RX / RXX,131.95,85.75
HT86GPSA-RDCA,RX / RXX,131.95,85.75
HT86GPSA-RED,RX / RXX,131.95,85.75
HT86GPSA-RLMA,RX / RXX,131.95,85.75
HT86GPSA-SNCA,RX / RXX,131.95,85.75
HT86GPSA-WHT,RX / RXX,131.95,85.75
HT86GPSA-Yell,RX / RXX,131.95,85.75
HT86GPSA-YLCA,RX / RXX,131.95,85.75
HT86MDPSA-BLK,RX / RXX,131.95,85.75
HT86MDPSA-DKGR,RX / RXX,131.95,85.75
HT86MDPSA-Gray,RX / RXX,131.95,85.75
HT86MDPSA-LG,RX / RXX,131.95,85.75
HT86MDPSA-RBLU,RX / RXX,131.95,85.75
HT86MDPSA-RED,RX / RXX,131.95,85.75
HT86MDPSA-WHT,RX / RXX,131.95,85.75
HT87-2TDPSA-BLK-BLU,HX,158.95,103.3
HT87-2TDPSA-BLK-DKGR,HX,158.95,103.3
HT87-2TDPSA-BLK-GRA,HX,158.95,103.3
HT87-2TDPSA-BLK-LG,HX,158.95,103.3
HT87-2TDPSA-BLK-ORAN,HX,158.95,103.3
HT87-2TDPSA-BLK-PINK,HX,158.95,103.3
HT87-2TDPSA-BLK-RED,HX,158.95,103.3
HT87-2TDPSA-BLK-WHT,HX,158.95,103.3
HT87-2TDPSA-BLK-YELL,HX,158.95,103.3
HT87-2TDPSA-BLU-BLK,HX,158.95,103.3
HT87-2TDPSA-DKG-BLK,HX,158.95,103.3
HT87-2TDPSA-GRA-BLK,HX,158.95,103.3
HT87-2TDPSA-LG-BLK,HX,158.95,103.3
HT87-2TDPSA-RED-BLK,HX,158.95,103.3
HT87-2TGPSA-BLK-BLU,HX,158.95,103.3
HT87-2TGPSA-BLK-DKGR,HX,158.95,103.3
HT87-2TGPSA-BLK-GRA,HX,158.95,103.3
HT87-2TGPSA-BLK-LG,HX,158.95,103.3
HT87-2TGPSA-BLK-ORAN,HX,158.95,103.3
HT87-2TGPSA-BLK-PINK,HX,158.95,103.3
HT87-2TGPSA-BLK-RED,HX,158.95,103.3
HT87-2TGPSA-BLK-WHT,HX,158.95,103.3
HT87-2TGPSA-BLK-YELL,HX,158.95,103.3
HT87-2TGPSA-BLU-BLK,HX,158.95,103.3
HT87-2TGPSA-DKG-BLK,HX,158.95,103.3
HT87-2TGPSA-GRA-BLK,HX,158.95,103.3
HT87-2TGPSA-LG-BLK,HX,158.95,103.3
HT87-2TGPSA-RED-BLK,HX,158.95,103.3
HT87DPSA-BLCA,HX,131.95,85.75
HT87DPSA-BLK,HX,131.95,85.75
HT87DPSA-BLMA,HX,131.95,85.75
HT87DPSA-DBlU,HX,131.95,85.75
HT87DPSA-DKGR,HX,131.95,85.75
HT87DPSA-Gray,HX,131.95,85.75
HT87DPSA-GRCA,HX,131.95,85.75
HT87DPSA-LG,HX,131.95,85.75
HT87DPSA-LGCA,HX,131.95,85.75
HT87DPSA-LTBLU,HX,131.95,85.75
HT87DPSA-ORAN,HX,131.95,85.75
HT87DPSA-PINK,HX,131.95,85.75
HT87DPSA-PLMA,HX,131.95,85.75
HT87DPSA-PRPL,HX,131.95,85.75
HT87DPSA-RBLU,HX,131.95,85.75
HT87DPSA-RDCA,HX,131.95,85.75
HT87DPSA-RED,HX,131.95,85.75
HT87DPSA-RLMA,HX,131.95,85.75
HT87DPSA-SNCA,HX,131.95,85.75
HT87DPSA-WHT,HX,131.95,85.75
HT87DPSA-Yell,HX,131.95,85.75
HT87DPSA-YLCA,HX,131.95,85.75
HT87GPSA-BLCA,HX,131.95,85.75
HT87GPSA-BLK,HX,131.95,85.75
HT87GPSA-BLMA,HX,131.95,85.75
HT87GPSA-DBlU,HX,131.95,85.75
HT87GPSA-DKGR,HX,131.95,85.75
HT87GPSA-Gray,HX,131.95,85.75
HT87GPSA-GRCA,HX,131.95,85.75
HT87GPSA-LG,HX,131.95,85.75
HT87GPSA-LGCA,HX,131.95,85.75
HT87GPSA-LTBLU,HX,131.95,85.75
HT87GPSA-ORAN,HX,131.95,85.75
HT87GPSA-PINK,HX,131.95,85.75
HT87GPSA-PLMA,HX,131.95,85.75
HT87GPSA-PRPL,HX,131.95,85.75
HT87GPSA-RBLU,HX,131.95,85.75
HT87GPSA-RDCA,HX,131.95,85.75
HT87GPSA-RED,HX,131.95,85.75
HT87GPSA-RLMA,HX,131.95,85.75
HT87GPSA-SNCA,HX,131.95,85.75
HT87GPSA-WHT,HX,131.95,85.75
HT87GPSA-Yell,HX,131.95,85.75
HT87GPSA-YLCA,HX,131.95,85.75
HT87MDPSA-BLK,HX,131.95,85.75
HT87MDPSA-DKGR,HX,131.95,85.75
HT87MDPSA-Gray,HX,131.95,85.75
HT87MDPSA-LG,HX,131.95,85.75
HT87MDPSA-RBLU,HX,131.95,85.75
HT87MDPSA-RED,HX,131.95,85.75
HT87MDPSA-WHT,HX,131.95,85.75
HT882-2TDPSA-BLK-BLU,RXT X/GTX LTD iS 255/260 09-16 GTX S 155 12-17,173.95,113.05
HT882-2TDPSA-BLK-DKG,RXT X/GTX LTD iS 255/260 09-16 GTX S 155 12-17,173.95,113.05
HT882-2TDPSA-BLK-GRA,RXT X/GTX LTD iS 255/260 09-16 GTX S 155 12-17,173.95,113.05
HT882-2TDPSA-BLK-LG,RXT X/GTX LTD iS 255/260 09-16 GTX S 155 12-17,173.95,113.05
HT882-2TDPSA-BLK-ORA,RXT X/GTX LTD iS 255/260 09-16 GTX S 155 12-17,173.95,113.05
HT882-2TDPSA-BLK-PIN,RXT X/GTX LTD iS 255/260 09-16 GTX S 155 12-17,173.95,113.05
HT882-2TDPSA-BLK-RED,RXT X/GTX LTD iS 255/260 09-16 GTX S 155 12-17,173.95,113.05
HT882-2TDPSA-BLK-WHT,RXT X/GTX LTD iS 255/260 09-16 GTX S 155 12-17,173.95,113.05
HT882-2TDPSA-BLK-YL,RXT X/GTX LTD iS 255/260 09-16 GTX S 155 12-17,173.95,113.05
HT882-2TDPSA-BLU-BLK,RXT X/GTX LTD iS 255/260 09-16 GTX S 155 12-17,173.95,113.05
HT882-2TDPSA-DKG-BLK,RXT X/GTX LTD iS 255/260 09-16 GTX S 155 12-17,173.95,113.05
HT882-2TDPSA-GRA-BLK,RXT X/GTX LTD iS 255/260 09-16 GTX S 155 12-17,173.95,113.05
HT882-2TDPSA-LG-BLK,RXT X/GTX LTD iS 255/260 09-16 GTX S 155 12-17,173.95,113.05
HT882-2TDPSA-RED-BLK,RXT X/GTX LTD iS 255/260 09-16 GTX S 155 12-17,173.95,113.05
HT882-2TGPSA-BLK-BLU,RXT X/GTX LTD iS 255/260 09-16 GTX S 155 12-17,173.95,113.05
HT882-2TGPSA-BLK-DKG,RXT X/GTX LTD iS 255/260 09-16 GTX S 155 12-17,173.95,113.05
HT882-2TGPSA-BLK-GRA,RXT X/GTX LTD iS 255/260 09-16 GTX S 155 12-17,173.95,113.05
HT882-2TGPSA-BLK-LG,RXT X/GTX LTD iS 255/260 09-16 GTX S 155 12-17,173.95,113.05
HT882-2TGPSA-BLK-ORA,RXT X/GTX LTD iS 255/260 09-16 GTX S 155 12-17,173.95,113.05
HT882-2TGPSA-BLK-PIN,RXT X/GTX LTD iS 255/260 09-16 GTX S 155 12-17,173.95,113.05
HT882-2TGPSA-BLK-RED,RXT X/GTX LTD iS 255/260 09-16 GTX S 155 12-17,173.95,113.05
HT882-2TGPSA-BLK-WHT,RXT X/GTX LTD iS 255/260 09-16 GTX S 155 12-17,173.95,113.05
HT882-2TGPSA-BLK-YEL,RXT X/GTX LTD iS 255/260 09-16 GTX S 155 12-17,173.95,113.05
HT882-2TGPSA-BLU-BLK,RXT X/GTX LTD iS 255/260 09-16 GTX S 155 12-17,173.95,113.05
HT882-2TGPSA-DKG-BLK,RXT X/GTX LTD iS 255/260 09-16 GTX S 155 12-17,173.95,113.05
HT882-2TGPSA-GRA-BLK,RXT X/GTX LTD iS 255/260 09-16 GTX S 155 12-17,173.95,113.05
HT882-2TGPSA-LG-BLK,RXT X/GTX LTD iS 255/260 09-16 GTX S 155 12-17,173.95,113.05
HT882-2TGPSA-RED-BLK,RXT X/GTX LTD iS 255/260 09-16 GTX S 155 12-17,173.95,113.05
HT882DPSA-BLCA,RXT X/GTX LTD iS 255/260 09-16 GTX S 155 12-17,144.95,94.2
HT882DPSA-BLK,RXT X/GTX LTD iS 255/260 09-16 GTX S 155 12-17,144.95,94.2
HT882DPSA-BLMA,RXT X/GTX LTD iS 255/260 09-16 GTX S 155 12-17,144.95,94.2
HT882DPSA-DBlU,RXT X/GTX LTD iS 255/260 09-16 GTX S 155 12-17,144.95,94.2
HT882DPSA-DKGR,RXT X/GTX LTD iS 255/260 09-16 GTX S 155 12-17,144.95,94.2
HT882DPSA-Gray,RXT X/GTX LTD iS 255/260 09-16 GTX S 155 12-17,144.95,94.2
HT882DPSA-GRCA,RXT X/GTX LTD iS 255/260 09-16 GTX S 155 12-17,144.95,94.2
HT882DPSA-LG,RXT X/GTX LTD iS 255/260 09-16 GTX S 155 12-17,144.95,94.2
HT882DPSA-LGCA,RXT X/GTX LTD iS 255/260 09-16 GTX S 155 12-17,144.95,94.2
HT882DPSA-LTBLU,RXT X/GTX LTD iS 255/260 09-16 GTX S 155 12-17,144.95,94.2
HT882DPSA-ORAN,RXT X/GTX LTD iS 255/260 09-16 GTX S 155 12-17,144.95,94.2
HT882DPSA-PINK,RXT X/GTX LTD iS 255/260 09-16 GTX S 155 12-17,144.95,94.2
HT882DPSA-PLMA,RXT X/GTX LTD iS 255/260 09-16 GTX S 155 12-17,144.95,94.2
HT882DPSA-PRPL,RXT X/GTX LTD iS 255/260 09-16 GTX S 155 12-17,144.95,94.2
HT882DPSA-RBLU,RXT X/GTX LTD iS 255/260 09-16 GTX S 155 12-17,144.95,94.2
HT882DPSA-RDCA,RXT X/GTX LTD iS 255/260 09-16 GTX S 155 12-17,144.95,94.2
HT882DPSA-RED,RXT X/GTX LTD iS 255/260 09-16 GTX S 155 12-17,144.95,94.2
HT882DPSA-RLMA,RXT X/GTX LTD iS 255/260 09-16 GTX S 155 12-17,144.95,94.2
HT882DPSA-SNCA,RXT X/GTX LTD iS 255/260 09-16 GTX S 155 12-17,144.95,94.2
HT882DPSA-WHT,RXT X/GTX LTD iS 255/260 09-16 GTX S 155 12-17,144.95,94.2
HT882DPSA-Yell,RXT X/GTX LTD iS 255/260 09-16 GTX S 155 12-17,144.95,94.2
HT882DPSA-YLCA,RXT X/GTX LTD iS 255/260 09-16 GTX S 155 12-17,144.95,94.2
HT882GPSA-BLCA,RXT X/GTX LTD iS 255/260 09-16 GTX S 155 12-17,144.95,94.2
HT882GPSA-BLK,RXT X/GTX LTD iS 255/260 09-16 GTX S 155 12-17,144.95,94.2
HT882GPSA-BLMA,RXT X/GTX LTD iS 255/260 09-16 GTX S 155 12-17,144.95,94.2
HT882GPSA-DBlU,RXT X/GTX LTD iS 255/260 09-16 GTX S 155 12-17,144.95,94.2
HT882GPSA-DKGR,RXT X/GTX LTD iS 255/260 09-16 GTX S 155 12-17,144.95,94.2
HT882GPSA-Gray,RXT X/GTX LTD iS 255/260 09-16 GTX S 155 12-17,144.95,94.2
HT882GPSA-GRCA,RXT X/GTX LTD iS 255/260 09-16 GTX S 155 12-17,144.95,94.2
HT882GPSA-LG,RXT X/GTX LTD iS 255/260 09-16 GTX S 155 12-17,144.95,94.2
HT882GPSA-LGCA,RXT X/GTX LTD iS 255/260 09-16 GTX S 155 12-17,144.95,94.2
HT882GPSA-LTBLU,RXT X/GTX LTD iS 255/260 09-16 GTX S 155 12-17,144.95,94.2
HT882GPSA-ORAN,RXT X/GTX LTD iS 255/260 09-16 GTX S 155 12-17,144.95,94.2
HT882GPSA-PINK,RXT X/GTX LTD iS 255/260 09-16 GTX S 155 12-17,144.95,94.2
HT882GPSA-PLMA,RXT X/GTX LTD iS 255/260 09-16 GTX S 155 12-17,144.95,94.2
HT882GPSA-PRPL,RXT X/GTX LTD iS 255/260 09-16 GTX S 155 12-17,144.95,94.2
HT882GPSA-RBLU,RXT X/GTX LTD iS 255/260 09-16 GTX S 155 12-17,144.95,94.2
HT882GPSA-RDCA,RXT X/GTX LTD iS 255/260 09-16 GTX S 155 12-17,144.95,94.2
HT882GPSA-RED,RXT X/GTX LTD iS 255/260 09-16 GTX S 155 12-17,144.95,94.2
HT882GPSA-RLMA,RXT X/GTX LTD iS 255/260 09-16 GTX S 155 12-17,144.95,94.2
HT882GPSA-SNCA,RXT X/GTX LTD iS 255/260 09-16 GTX S 155 12-17,144.95,94.2
HT882GPSA-WHT,RXT X/GTX LTD iS 255/260 09-16 GTX S 155 12-17,144.95,94.2
HT882GPSA-Yell,RXT X/GTX LTD iS 255/260 09-16 GTX S 155 12-17,144.95,94.2
HT882GPSA-YLCA,RXT X/GTX LTD iS 255/260 09-16 GTX S 155 12-17,144.95,94.2
HT88-2TDPSA-BLK-BLU,GTX 03-08/GTX 4-TEC 02-05/GTX DI 02-03/RXTX Pre 09,158.95,103.3
HT88-2TDPSA-BLK-DKGR,GTX 03-08/GTX 4-TEC 02-05/GTX DI 02-03/RXTX Pre 09,158.95,103.3
HT88-2TDPSA-BLK-GRA,GTX 03-08/GTX 4-TEC 02-05/GTX DI 02-03/RXTX Pre 09,158.95,103.3
HT88-2TDPSA-BLK-LG,GTX 03-08/GTX 4-TEC 02-05/GTX DI 02-03/RXTX Pre 09,158.95,103.3
HT88-2TDPSA-BLK-ORAN,GTX 03-08/GTX 4-TEC 02-05/GTX DI 02-03/RXTX Pre 09,158.95,103.3
HT88-2TDPSA-BLK-PINK,GTX 03-08/GTX 4-TEC 02-05/GTX DI 02-03/RXTX Pre 09,158.95,103.3
HT88-2TDPSA-BLK-RED,GTX 03-08/GTX 4-TEC 02-05/GTX DI 02-03/RXTX Pre 09,158.95,103.3
HT88-2TDPSA-BLK-WHT,GTX 03-08/GTX 4-TEC 02-05/GTX DI 02-03/RXTX Pre 09,158.95,103.3
HT88-2TDPSA-BLK-YELL,GTX 03-08/GTX 4-TEC 02-05/GTX DI 02-03/RXTX Pre 09,158.95,103.3
HT88-2TDPSA-BLU-BLK,GTX 03-08/GTX 4-TEC 02-05/GTX DI 02-03/RXTX Pre 09,158.95,103.3
HT88-2TDPSA-DKG-BLK,GTX 03-08/GTX 4-TEC 02-05/GTX DI 02-03/RXTX Pre 09,158.95,103.3
HT88-2TDPSA-GRA-BLK,GTX 03-08/GTX 4-TEC 02-05/GTX DI 02-03/RXTX Pre 09,158.95,103.3
HT88-2TDPSA-LG-BLK,GTX 03-08/GTX 4-TEC 02-05/GTX DI 02-03/RXTX Pre 09,158.95,103.3
HT88-2TDPSA-RED-BLK,GTX 03-08/GTX 4-TEC 02-05/GTX DI 02-03/RXTX Pre 09,158.95,103.3
HT88-2TGPSA-BLK-BLU,GTX 03-08/GTX 4-TEC 02-05/GTX DI 02-03/RXTX Pre 09,158.95,103.3
HT88-2TGPSA-BLK-DKGR,GTX 03-08/GTX 4-TEC 02-05/GTX DI 02-03/RXTX Pre 09,158.95,103.3
HT88-2TGPSA-BLK-GRA,GTX 03-08/GTX 4-TEC 02-05/GTX DI 02-03/RXTX Pre 09,158.95,103.3
HT88-2TGPSA-BLK-LG,GTX 03-08/GTX 4-TEC 02-05/GTX DI 02-03/RXTX Pre 09,158.95,103.3
HT88-2TGPSA-BLK-ORAN,GTX 03-08/GTX 4-TEC 02-05/GTX DI 02-03/RXTX Pre 09,158.95,103.3
HT88-2TGPSA-BLK-PINK,GTX 03-08/GTX 4-TEC 02-05/GTX DI 02-03/RXTX Pre 09,158.95,103.3
HT88-2TGPSA-BLK-RED,GTX 03-08/GTX 4-TEC 02-05/GTX DI 02-03/RXTX Pre 09,158.95,103.3
HT88-2TGPSA-BLK-WHT,GTX 03-08/GTX 4-TEC 02-05/GTX DI 02-03/RXTX Pre 09,158.95,103.3
HT88-2TGPSA-BLK-YELL,GTX 03-08/GTX 4-TEC 02-05/GTX DI 02-03/RXTX Pre 09,158.95,103.3
HT88-2TGPSA-BLU-BLK,GTX 03-08/GTX 4-TEC 02-05/GTX DI 02-03/RXTX Pre 09,158.95,103.3
HT88-2TGPSA-DKG-BLK,GTX 03-08/GTX 4-TEC 02-05/GTX DI 02-03/RXTX Pre 09,158.95,103.3
HT88-2TGPSA-GRA-BLK,GTX 03-08/GTX 4-TEC 02-05/GTX DI 02-03/RXTX Pre 09,158.95,103.3
HT88-2TGPSA-LG-BLK,GTX 03-08/GTX 4-TEC 02-05/GTX DI 02-03/RXTX Pre 09,158.95,103.3
HT88-2TGPSA-RED-BLK,GTX 03-08/GTX 4-TEC 02-05/GTX DI 02-03/RXTX Pre 09,158.95,103.3
HT884-2TDPSA-BLK-BLU,GTI SE 130 (11-18) / GTI SE/LTD/GTS/Wake GTR 155 12-19,158.95,103.3
HT884-2TDPSA-BLK-DKG,GTI SE 130 (11-18) / GTI SE/LTD/GTS/Wake GTR 155 12-19,158.95,103.3
HT884-2TDPSA-BLK-GRA,GTI SE 130 (11-18) / GTI SE/LTD/GTS/Wake GTR 155 12-19,158.95,103.3
HT884-2TDPSA-BLK-LG,GTI SE 130 (11-18) / GTI SE/LTD/GTS/Wake GTR 155 12-19,158.95,103.3
HT884-2TDPSA-BLK-ORA,GTI SE 130 (11-18) / GTI SE/LTD/GTS/Wake GTR 155 12-19,158.95,103.3
HT884-2TDPSA-BLK-PIN,GTI SE 130 (11-18) / GTI SE/LTD/GTS/Wake GTR 155 12-19,158.95,103.3
HT884-2TDPSA-BLK-RED,GTI SE 130 (11-18) / GTI SE/LTD/GTS/Wake GTR 155 12-19,158.95,103.3
HT884-2TDPSA-BLK-WHT,GTI SE 130 (11-18) / GTI SE/LTD/GTS/Wake GTR 155 12-19,158.95,103.3
HT884-2TDPSA-BLK-YL,GTI SE 130 (11-18) / GTI SE/LTD/GTS/Wake GTR 155 12-19,158.95,103.3
HT884-2TDPSA-BLU-BLK,GTI SE 130 (11-18) / GTI SE/LTD/GTS/Wake GTR 155 12-19,158.95,103.3
HT884-2TDPSA-DKG-BLK,GTI SE 130 (11-18) / GTI SE/LTD/GTS/Wake GTR 155 12-19,158.95,103.3
HT884-2TDPSA-GRA-BLK,GTI SE 130 (11-18) / GTI SE/LTD/GTS/Wake GTR 155 12-19,158.95,103.3
HT884-2TDPSA-LG-BLK,GTI SE 130 (11-18) / GTI SE/LTD/GTS/Wake GTR 155 12-19,158.95,103.3
HT884-2TDPSA-RED-BLK,GTI SE 130 (11-18) / GTI SE/LTD/GTS/Wake GTR 155 12-19,158.95,103.3
HT884-2TGPSA-BLK-BLU,GTI SE 130 (11-18) / GTI SE/LTD/GTS/Wake GTR 155 12-19,158.95,103.3
HT884-2TGPSA-BLK-DKG,GTI SE 130 (11-18) / GTI SE/LTD/GTS/Wake GTR 155 12-19,158.95,103.3
HT884-2TGPSA-BLK-GRA,GTI SE 130 (11-18) / GTI SE/LTD/GTS/Wake GTR 155 12-19,158.95,103.3
HT884-2TGPSA-BLK-LG,GTI SE 130 (11-18) / GTI SE/LTD/GTS/Wake GTR 155 12-19,158.95,103.3
HT884-2TGPSA-BLK-ORA,GTI SE 130 (11-18) / GTI SE/LTD/GTS/Wake GTR 155 12-19,158.95,103.3
HT884-2TGPSA-BLK-PIN,GTI SE 130 (11-18) / GTI SE/LTD/GTS/Wake GTR 155 12-19,158.95,103.3
HT884-2TGPSA-BLK-RED,GTI SE 130 (11-18) / GTI SE/LTD/GTS/Wake GTR 155 12-19,158.95,103.3
HT884-2TGPSA-BLK-WHT,GTI SE 130 (11-18) / GTI SE/LTD/GTS/Wake GTR 155 12-19,158.95,103.3
HT884-2TGPSA-BLK-YEL,GTI SE 130 (11-18) / GTI SE/LTD/GTS/Wake GTR 155 12-19,158.95,103.3
HT884-2TGPSA-BLU-BLK,GTI SE 130 (11-18) / GTI SE/LTD/GTS/Wake GTR 155 12-19,158.95,103.3
HT884-2TGPSA-DKG-BLK,GTI SE 130 (11-18) / GTI SE/LTD/GTS/Wake GTR 155 12-19,158.95,103.3
HT884-2TGPSA-GRA-BLK,GTI SE 130 (11-18) / GTI SE/LTD/GTS/Wake GTR 155 12-19,158.95,103.3
HT884-2TGPSA-LG-BLK,GTI SE 130 (11-18) / GTI SE/LTD/GTS/Wake GTR 155 12-19,158.95,103.3
HT884-2TGPSA-RED-BLK,GTI SE 130 (11-18) / GTI SE/LTD/GTS/Wake GTR 155 12-19,158.95,103.3
HT884DPSA-BLCA,GTI SE 130 (11-18) / GTI SE/LTD/GTS/Wake GTR 155 12-19,131.95,85.75
HT884DPSA-BLK,GTI SE 130 (11-18) / GTI SE/LTD/GTS/Wake GTR 155 12-19,131.95,85.75
HT884DPSA-BLMA,GTI SE 130 (11-18) / GTI SE/LTD/GTS/Wake GTR 155 12-19,131.95,85.75
HT884DPSA-DBlU,GTI SE 130 (11-18) / GTI SE/LTD/GTS/Wake GTR 155 12-19,131.95,85.75
HT884DPSA-DKGR,GTI SE 130 (11-18) / GTI SE/LTD/GTS/Wake GTR 155 12-19,131.95,85.75
HT884DPSA-Gray,GTI SE 130 (11-18) / GTI SE/LTD/GTS/Wake GTR 155 12-19,131.95,85.75
HT884DPSA-GRCA,GTI SE 130 (11-18) / GTI SE/LTD/GTS/Wake GTR 155 12-19,131.95,85.75
HT884DPSA-LG,GTI SE 130 (11-18) / GTI SE/LTD/GTS/Wake GTR 155 12-19,131.95,85.75
HT884DPSA-LGCA,GTI SE 130 (11-18) / GTI SE/LTD/GTS/Wake GTR 155 12-19,131.95,85.75
HT884DPSA-LTBLU,GTI SE 130 (11-18) / GTI SE/LTD/GTS/Wake GTR 155 12-19,131.95,85.75
HT884DPSA-ORAN,GTI SE 130 (11-18) / GTI SE/LTD/GTS/Wake GTR 155 12-19,131.95,85.75
HT884DPSA-PINK,GTI SE 130 (11-18) / GTI SE/LTD/GTS/Wake GTR 155 12-19,131.95,85.75
HT884DPSA-PLMA,GTI SE 130 (11-18) / GTI SE/LTD/GTS/Wake GTR 155 12-19,131.95,85.75
HT884DPSA-PRPL,GTI SE 130 (11-18) / GTI SE/LTD/GTS/Wake GTR 155 12-19,131.95,85.75
HT884DPSA-RBLU,GTI SE 130 (11-18) / GTI SE/LTD/GTS/Wake GTR 155 12-19,131.95,85.75
HT884DPSA-RDCA,GTI SE 130 (11-18) / GTI SE/LTD/GTS/Wake GTR 155 12-19,131.95,85.75
HT884DPSA-RED,GTI SE 130 (11-18) / GTI SE/LTD/GTS/Wake GTR 155 12-19,131.95,85.75
HT884DPSA-RLMA,GTI SE 130 (11-18) / GTI SE/LTD/GTS/Wake GTR 155 12-19,131.95,85.75
HT884DPSA-SNCA,GTI SE 130 (11-18) / GTI SE/LTD/GTS/Wake GTR 155 12-19,131.95,85.75
HT884DPSA-WHT,GTI SE 130 (11-18) / GTI SE/LTD/GTS/Wake GTR 155 12-19,131.95,85.75
HT884DPSA-Yell,GTI SE 130 (11-18) / GTI SE/LTD/GTS/Wake GTR 155 12-19,131.95,85.75
HT884DPSA-YLCA,GTI SE 130 (11-18) / GTI SE/LTD/GTS/Wake GTR 155 12-19,131.95,85.75
HT884GPSA-BLCA,GTI SE 130 (11-18) / GTI SE/LTD/GTS/Wake GTR 155 12-19,131.95,85.75
HT884GPSA-BLK,GTI SE 130 (11-18) / GTI SE/LTD/GTS/Wake GTR 155 12-19,131.95,85.75
HT884GPSA-BLMA,GTI SE 130 (11-18) / GTI SE/LTD/GTS/Wake GTR 155 12-19,131.95,85.75
HT884GPSA-DBlU,GTI SE 130 (11-18) / GTI SE/LTD/GTS/Wake GTR 155 12-19,131.95,85.75
HT884GPSA-DKGR,GTI SE 130 (11-18) / GTI SE/LTD/GTS/Wake GTR 155 12-19,131.95,85.75
HT884GPSA-Gray,GTI SE 130 (11-18) / GTI SE/LTD/GTS/Wake GTR 155 12-19,131.95,85.75
HT884GPSA-GRCA,GTI SE 130 (11-18) / GTI SE/LTD/GTS/Wake GTR 155 12-19,131.95,85.75
HT884GPSA-LG,GTI SE 130 (11-18) / GTI SE/LTD/GTS/Wake GTR 155 12-19,131.95,85.75
HT884GPSA-LGCA,GTI SE 130 (11-18) / GTI SE/LTD/GTS/Wake GTR 155 12-19,131.95,85.75
HT884GPSA-LTBLU,GTI SE 130 (11-18) / GTI SE/LTD/GTS/Wake GTR 155 12-19,131.95,85.75
HT884GPSA-ORAN,GTI SE 130 (11-18) / GTI SE/LTD/GTS/Wake GTR 155 12-19,131.95,85.75
HT884GPSA-PINK,GTI SE 130 (11-18) / GTI SE/LTD/GTS/Wake GTR 155 12-19,131.95,85.75
HT884GPSA-PLMA,GTI SE 130 (11-18) / GTI SE/LTD/GTS/Wake GTR 155 12-19,131.95,85.75
HT884GPSA-PRPL,GTI SE 130 (11-18) / GTI SE/LTD/GTS/Wake GTR 155 12-19,131.95,85.75
HT884GPSA-RBLU,GTI SE 130 (11-18) / GTI SE/LTD/GTS/Wake GTR 155 12-19,131.95,85.75
HT884GPSA-RDCA,GTI SE 130 (11-18) / GTI SE/LTD/GTS/Wake GTR 155 12-19,131.95,85.75
HT884GPSA-RED,GTI SE 130 (11-18) / GTI SE/LTD/GTS/Wake GTR 155 12-19,131.95,85.75
HT884GPSA-RLMA,GTI SE 130 (11-18) / GTI SE/LTD/GTS/Wake GTR 155 12-19,131.95,85.75
HT884GPSA-SNCA,GTI SE 130 (11-18) / GTI SE/LTD/GTS/Wake GTR 155 12-19,131.95,85.75
HT884GPSA-WHT,GTI SE 130 (11-18) / GTI SE/LTD/GTS/Wake GTR 155 12-19,131.95,85.75
HT884GPSA-Yell,GTI SE 130 (11-18) / GTI SE/LTD/GTS/Wake GTR 155 12-19,131.95,85.75
HT884GPSA-YLCA,GTI SE 130 (11-18) / GTI SE/LTD/GTS/Wake GTR 155 12-19,131.95,85.75
HT884MD-BLK,GTI SE 130 (11-18) / GTI SE/LTD/GTS/Wake GTR 155 12-19,131.95,85.75
HT884MD-DKGR,GTI SE 130 (11-18) / GTI SE/LTD/GTS/Wake GTR 155 12-19,131.95,85.75
HT884MD-Gray,GTI SE 130 (11-18) / GTI SE/LTD/GTS/Wake GTR 155 12-19,131.95,85.75
HT884MD-LG,GTI SE 130 (11-18) / GTI SE/LTD/GTS/Wake GTR 155 12-19,131.95,85.75
HT884MDPSA-BLK,GTI SE 130 (11-18) / GTI SE/LTD/GTS/Wake GTR 155 12-19,131.95,85.75
HT884MDPSA-DKGR,GTI SE 130 (11-18) / GTI SE/LTD/GTS/Wake GTR 155 12-19,131.95,85.75
HT884MDPSA-Gray,GTI SE 130 (11-18) / GTI SE/LTD/GTS/Wake GTR 155 12-19,131.95,85.75
HT884MDPSA-LG,GTI SE 130 (11-18) / GTI SE/LTD/GTS/Wake GTR 155 12-19,131.95,85.75
HT884MDPSA-RBLU,GTI SE 130 (11-18) / GTI SE/LTD/GTS/Wake GTR 155 12-19,131.95,85.75
HT884MDPSA-RED,GTI SE 130 (11-18) / GTI SE/LTD/GTS/Wake GTR 155 12-19,131.95,85.75
HT884MDPSA-WHT,GTI SE 130 (11-18) / GTI SE/LTD/GTS/Wake GTR 155 12-19,131.95,85.75
HT884MD-RBLU,GTI SE 130 (11-18) / GTI SE/LTD/GTS/Wake GTR 155 12-19,131.95,85.75
HT884MD-RED,GTI SE 130 (11-18) / GTI SE/LTD/GTS/Wake GTR 155 12-19,131.95,85.75
HT884MD-WHT,GTI SE 130 (11-18) / GTI SE/LTD/GTS/Wake GTR 155 12-19,131.95,85.75
HT885-2TDPSA-BLK-BLU,RXT/RXT-X/Wake 10-15 GTX 155/215 12-15  Non S,173.95,113.05
HT885-2TDPSA-BLK-DKG,RXT/RXT-X/Wake 10-15 GTX 155/215 12-15  Non S,173.95,113.05
HT885-2TDPSA-BLK-GRA,RXT/RXT-X/Wake 10-15 GTX 155/215 12-15  Non S,173.95,113.05
HT885-2TDPSA-BLK-LG,RXT/RXT-X/Wake 10-15 GTX 155/215 12-15  Non S,173.95,113.05
HT885-2TDPSA-BLK-ORA,RXT/RXT-X/Wake 10-15 GTX 155/215 12-15  Non S,173.95,113.05
HT885-2TDPSA-BLK-PIN,RXT/RXT-X/Wake 10-15 GTX 155/215 12-15  Non S,173.95,113.05
HT885-2TDPSA-BLK-RED,RXT/RXT-X/Wake 10-15 GTX 155/215 12-15  Non S,173.95,113.05
HT885-2TDPSA-BLK-WHT,RXT/RXT-X/Wake 10-15 GTX 155/215 12-15  Non S,173.95,113.05
HT885-2TDPSA-BLK-YL,RXT/RXT-X/Wake 10-15 GTX 155/215 12-15  Non S,173.95,113.05
HT885-2TDPSA-BLU-BLK,RXT/RXT-X/Wake 10-15 GTX 155/215 12-15  Non S,173.95,113.05
HT885-2TDPSA-DKG-BLK,RXT/RXT-X/Wake 10-15 GTX 155/215 12-15  Non S,173.95,113.05
HT885-2TDPSA-GRA-BLK,RXT/RXT-X/Wake 10-15 GTX 155/215 12-15  Non S,173.95,113.05
HT885-2TDPSA-LG-BLK,RXT/RXT-X/Wake 10-15 GTX 155/215 12-15  Non S,173.95,113.05
HT885-2TDPSA-RED-BLK,RXT/RXT-X/Wake 10-15 GTX 155/215 12-15  Non S,173.95,113.05
HT885-2TGPSA-BLK-BLU,RXT/RXT-X/Wake 10-15 GTX 155/215 12-15  Non S,173.95,113.05
HT885-2TGPSA-BLK-DKG,RXT/RXT-X/Wake 10-15 GTX 155/215 12-15  Non S,173.95,113.05
HT885-2TGPSA-BLK-GRA,RXT/RXT-X/Wake 10-15 GTX 155/215 12-15  Non S,173.95,113.05
HT885-2TGPSA-BLK-LG,RXT/RXT-X/Wake 10-15 GTX 155/215 12-15  Non S,173.95,113.05
HT885-2TGPSA-BLK-ORA,RXT/RXT-X/Wake 10-15 GTX 155/215 12-15  Non S,173.95,113.05
HT885-2TGPSA-BLK-PIN,RXT/RXT-X/Wake 10-15 GTX 155/215 12-15  Non S,173.95,113.05
HT885-2TGPSA-BLK-RED,RXT/RXT-X/Wake 10-15 GTX 155/215 12-15  Non S,173.95,113.05
HT885-2TGPSA-BLK-WHT,RXT/RXT-X/Wake 10-15 GTX 155/215 12-15  Non S,173.95,113.05
HT885-2TGPSA-BLK-YEL,RXT/RXT-X/Wake 10-15 GTX 155/215 12-15  Non S,173.95,113.05
HT885-2TGPSA-BLU-BLK,RXT/RXT-X/Wake 10-15 GTX 155/215 12-15  Non S,173.95,113.05
HT885-2TGPSA-DKG-BLK,RXT/RXT-X/Wake 10-15 GTX 155/215 12-15  Non S,173.95,113.05
HT885-2TGPSA-GRA-BLK,RXT/RXT-X/Wake 10-15 GTX 155/215 12-15  Non S,173.95,113.05
HT885-2TGPSA-LG-BLK,RXT/RXT-X/Wake 10-15 GTX 155/215 12-15  Non S,173.95,113.05
HT885-2TGPSA-RED-BLK,RXT/RXT-X/Wake 10-15 GTX 155/215 12-15  Non S,173.95,113.05
HT885DPSA-BLCA,RXT/RXT-X/Wake 10-15 GTX 155/215 12-15  Non S,144.95,94.2
HT885DPSA-BLK,RXT/RXT-X/Wake 10-15 GTX 155/215 12-15  Non S,144.95,94.2
HT885DPSA-BLMA,RXT/RXT-X/Wake 10-15 GTX 155/215 12-15  Non S,144.95,94.2
HT885DPSA-DBlU,RXT/RXT-X/Wake 10-15 GTX 155/215 12-15  Non S,144.95,94.2
HT885DPSA-DKGR,RXT/RXT-X/Wake 10-15 GTX 155/215 12-15  Non S,144.95,94.2
HT885DPSA-Gray,RXT/RXT-X/Wake 10-15 GTX 155/215 12-15  Non S,144.95,94.2
HT885DPSA-GRCA,RXT/RXT-X/Wake 10-15 GTX 155/215 12-15  Non S,144.95,94.2
HT885DPSA-LG,RXT/RXT-X/Wake 10-15 GTX 155/215 12-15  Non S,144.95,94.2
HT885DPSA-LGCA,RXT/RXT-X/Wake 10-15 GTX 155/215 12-15  Non S,144.95,94.2
HT885DPSA-LTBLU,RXT/RXT-X/Wake 10-15 GTX 155/215 12-15  Non S,144.95,94.2
HT885DPSA-ORAN,RXT/RXT-X/Wake 10-15 GTX 155/215 12-15  Non S,144.95,94.2
HT885DPSA-PINK,RXT/RXT-X/Wake 10-15 GTX 155/215 12-15  Non S,144.95,94.2
HT885DPSA-PLMA,RXT/RXT-X/Wake 10-15 GTX 155/215 12-15  Non S,144.95,94.2
HT885DPSA-PRPL,RXT/RXT-X/Wake 10-15 GTX 155/215 12-15  Non S,144.95,94.2
HT885DPSA-RBLU,RXT/RXT-X/Wake 10-15 GTX 155/215 12-15  Non S,144.95,94.2
HT885DPSA-RDCA,RXT/RXT-X/Wake 10-15 GTX 155/215 12-15  Non S,144.95,94.2
HT885DPSA-RED,RXT/RXT-X/Wake 10-15 GTX 155/215 12-15  Non S,144.95,94.2
HT885DPSA-RLMA,RXT/RXT-X/Wake 10-15 GTX 155/215 12-15  Non S,144.95,94.2
HT885DPSA-SNCA,RXT/RXT-X/Wake 10-15 GTX 155/215 12-15  Non S,144.95,94.2
HT885DPSA-WHT,RXT/RXT-X/Wake 10-15 GTX 155/215 12-15  Non S,144.95,94.2
HT885DPSA-Yell,RXT/RXT-X/Wake 10-15 GTX 155/215 12-15  Non S,144.95,94.2
HT885DPSA-YLCA,RXT/RXT-X/Wake 10-15 GTX 155/215 12-15  Non S,144.95,94.2
HT885GPSA-BLCA,RXT/RXT-X/Wake 10-15 GTX 155/215 12-15  Non S,144.95,94.2
HT885GPSA-BLK,RXT/RXT-X/Wake 10-15 GTX 155/215 12-15  Non S,144.95,94.2
HT885GPSA-BLMA,RXT/RXT-X/Wake 10-15 GTX 155/215 12-15  Non S,144.95,94.2
HT885GPSA-DBlU,RXT/RXT-X/Wake 10-15 GTX 155/215 12-15  Non S,144.95,94.2
HT885GPSA-DKGR,RXT/RXT-X/Wake 10-15 GTX 155/215 12-15  Non S,144.95,94.2
HT885GPSA-Gray,RXT/RXT-X/Wake 10-15 GTX 155/215 12-15  Non S,144.95,94.2
HT885GPSA-GRCA,RXT/RXT-X/Wake 10-15 GTX 155/215 12-15  Non S,144.95,94.2
HT885GPSA-LG,RXT/RXT-X/Wake 10-15 GTX 155/215 12-15  Non S,144.95,94.2
HT885GPSA-LGCA,RXT/RXT-X/Wake 10-15 GTX 155/215 12-15  Non S,144.95,94.2
HT885GPSA-LTBLU,RXT/RXT-X/Wake 10-15 GTX 155/215 12-15  Non S,144.95,94.2
HT885GPSA-ORAN,RXT/RXT-X/Wake 10-15 GTX 155/215 12-15  Non S,144.95,94.2
HT885GPSA-PINK,RXT/RXT-X/Wake 10-15 GTX 155/215 12-15  Non S,144.95,94.2
HT885GPSA-PLMA,RXT/RXT-X/Wake 10-15 GTX 155/215 12-15  Non S,144.95,94.2
HT885GPSA-PRPL,RXT/RXT-X/Wake 10-15 GTX 155/215 12-15  Non S,144.95,94.2
HT885GPSA-RBLU,RXT/RXT-X/Wake 10-15 GTX 155/215 12-15  Non S,144.95,94.2
HT885GPSA-RDCA,RXT/RXT-X/Wake 10-15 GTX 155/215 12-15  Non S,144.95,94.2
HT885GPSA-RED,RXT/RXT-X/Wake 10-15 GTX 155/215 12-15  Non S,144.95,94.2
HT885GPSA-RLMA,RXT/RXT-X/Wake 10-15 GTX 155/215 12-15  Non S,144.95,94.2
HT885GPSA-SNCA,RXT/RXT-X/Wake 10-15 GTX 155/215 12-15  Non S,144.95,94.2
HT885GPSA-WHT,RXT/RXT-X/Wake 10-15 GTX 155/215 12-15  Non S,144.95,94.2
HT885GPSA-Yell,RXT/RXT-X/Wake 10-15 GTX 155/215 12-15  Non S,144.95,94.2
HT885GPSA-YLCA,RXT/RXT-X/Wake 10-15 GTX 155/215 12-15  Non S,144.95,94.2
HT886-2TDPSA-BLK-BLU,GTX155/GTX LTD 215/230/300/RXT 260/Wake Pro (16-17),173.95,113.05
HT886-2TDPSA-BLK-DKG,GTX155/GTX LTD 215/230/300/RXT 260/Wake Pro (16-17),173.95,113.05
HT886-2TDPSA-BLK-GRA,GTX155/GTX LTD 215/230/300/RXT 260/Wake Pro (16-17),173.95,113.05
HT886-2TDPSA-BLK-LG,GTX155/GTX LTD 215/230/300/RXT 260/Wake Pro (16-17),173.95,113.05
HT886-2TDPSA-BLK-ORA,GTX155/GTX LTD 215/230/300/RXT 260/Wake Pro (16-17),173.95,113.05
HT886-2TDPSA-BLK-PIN,GTX155/GTX LTD 215/230/300/RXT 260/Wake Pro (16-17),173.95,113.05
HT886-2TDPSA-BLK-RED,GTX155/GTX LTD 215/230/300/RXT 260/Wake Pro (16-17),173.95,113.05
HT886-2TDPSA-BLK-WHT,GTX155/GTX LTD 215/230/300/RXT 260/Wake Pro (16-17),173.95,113.05
HT886-2TDPSA-BLK-YL,GTX155/GTX LTD 215/230/300/RXT 260/Wake Pro (16-17),173.95,113.05
HT886-2TDPSA-BLU-BLK,GTX155/GTX LTD 215/230/300/RXT 260/Wake Pro (16-17),173.95,113.05
HT886-2TDPSA-DKG-BLK,GTX155/GTX LTD 215/230/300/RXT 260/Wake Pro (16-17),173.95,113.05
HT886-2TDPSA-GRA-BLK,GTX155/GTX LTD 215/230/300/RXT 260/Wake Pro (16-17),173.95,113.05
HT886-2TDPSA-LG-BLK,GTX155/GTX LTD 215/230/300/RXT 260/Wake Pro (16-17),173.95,113.05
HT886-2TDPSA-RED-BLK,GTX155/GTX LTD 215/230/300/RXT 260/Wake Pro (16-17),173.95,113.05
HT886-2TGPSA-BLK-BLU,GTX155 GTX Ltd 215 230  300  RXT 260  Wake Pro 16-17,173.95,113.05
HT886-2TGPSA-BLK-DKG,GTX155/GTX LTD 215/230/300/RXT 260/Wake Pro (16-17),173.95,113.05
HT886-2TGPSA-BLK-GRA,GTX155/GTX LTD 215/230/300/RXT 260/Wake Pro (16-17),173.95,113.05
HT886-2TGPSA-BLK-LG,GTX155/GTX LTD 215/230/300/RXT 260/Wake Pro (16-17),173.95,113.05
HT886-2TGPSA-BLK-ORA,GTX155/GTX LTD 215/230/300/RXT 260/Wake Pro (16-17),173.95,113.05
HT886-2TGPSA-BLK-PIN,GTX155/GTX LTD 215/230/300/RXT 260/Wake Pro (16-17),173.95,113.05
HT886-2TGPSA-BLK-RED,GTX155/GTX LTD 215/230/300/RXT 260/Wake Pro (16-17),173.95,113.05
HT886-2TGPSA-BLK-WHT,GTX155/GTX LTD 215/230/300/RXT 260/Wake Pro (16-17),173.95,113.05
HT886-2TGPSA-BLK-YEL,GTX155/GTX LTD 215/230/300/RXT 260/Wake Pro (16-17),173.95,113.05
HT886-2TGPSA-BLU-BLK,GTX155/GTX LTD 215/230/300/RXT 260/Wake Pro (16-17),173.95,113.05
HT886-2TGPSA-DKG-BLK,GTX155/GTX LTD 215/230/300/RXT 260/Wake Pro (16-17),173.95,113.05
HT886-2TGPSA-GRA-BLK,GTX155/GTX LTD 215/230/300/RXT 260/Wake Pro (16-17),173.95,113.05
HT886-2TGPSA-LG-BLK,GTX155/GTX LTD 215/230/300/RXT 260/Wake Pro (16-17),173.95,113.05
HT886-2TGPSA-RED-BLK,GTX155/GTX LTD 215/230/300/RXT 260/Wake Pro (16-17),173.95,113.05
HT886DPSA-BLCA,GTX155/GTX LTD 215/230/300/RXT 260/Wake Pro (16-17),144.95,94.2
HT886DPSA-BLK,GTX155 GTX Ltd 215 230  300  RXT 260  Wake Pro 16-18,144.95,94.2
HT886DPSA-BLMA,GTX155/GTX LTD 215/230/300/RXT 260/Wake Pro (16-17),144.95,94.2
HT886DPSA-DBlU,GTX155/GTX LTD 215/230/300/RXT 260/Wake Pro (16-17),144.95,94.2
HT886DPSA-DKGR,GTX155/GTX LTD 215/230/300/RXT 260/Wake Pro (16-17),144.95,94.2
HT886DPSA-Gray,GTX155/GTX LTD 215/230/300/RXT 260/Wake Pro (16-17),144.95,94.2
HT886DPSA-GRCA,GTX155/GTX LTD 215/230/300/RXT 260/Wake Pro (16-17),144.95,94.2
HT886DPSA-LG,GTX155/GTX LTD 215/230/300/RXT 260/Wake Pro (16-17),144.95,94.2
HT886DPSA-LGCA,GTX155/GTX LTD 215/230/300/RXT 260/Wake Pro (16-17),144.95,94.2
HT886DPSA-LTBLU,GTX155/GTX LTD 215/230/300/RXT 260/Wake Pro (16-17),144.95,94.2
HT886DPSA-ORAN,GTX155/GTX LTD 215/230/300/RXT 260/Wake Pro (16-17),144.95,94.2
HT886DPSA-PINK,GTX155/GTX LTD 215/230/300/RXT 260/Wake Pro (16-17),144.95,94.2
HT886DPSA-PLMA,GTX155/GTX LTD 215/230/300/RXT 260/Wake Pro (16-17),144.95,94.2
HT886DPSA-PRPL,GTX155/GTX LTD 215/230/300/RXT 260/Wake Pro (16-17),144.95,94.2
HT886DPSA-RBLU,GTX155/GTX LTD 215/230/300/RXT 260/Wake Pro (16-17),144.95,94.2
HT886DPSA-RDCA,GTX155/GTX LTD 215/230/300/RXT 260/Wake Pro (16-17),144.95,94.2
HT886DPSA-RED,GTX155 GTX Ltd 215 230  300  RXT 260  Wake Pro 16-19,144.95,94.2
HT886DPSA-RLMA,GTX155/GTX LTD 215/230/300/RXT 260/Wake Pro (16-17),144.95,94.2
HT886DPSA-SNCA,GTX155/GTX LTD 215/230/300/RXT 260/Wake Pro (16-17),144.95,94.2
HT886DPSA-WHT,GTX155/GTX LTD 215/230/300/RXT 260/Wake Pro (16-17),144.95,94.2
HT886DPSA-Yell,GTX155/GTX LTD 215/230/300/RXT 260/Wake Pro (16-17),144.95,94.2
HT886DPSA-YLCA,GTX155/GTX LTD 215/230/300/RXT 260/Wake Pro (16-17),144.95,94.2
HT886GPSA-BLCA,GTX155/GTX LTD 215/230/300/RXT 260/Wake Pro (16-17),144.95,94.2
HT886GPSA-BLK,GTX155/GTX LTD 215/230/300/RXT 260/Wake Pro (16-17),144.95,94.2
HT886GPSA-BLMA,GTX155/GTX LTD 215/230/300/RXT 260/Wake Pro (16-17),144.95,94.2
HT886GPSA-DBlU,GTX155/GTX LTD 215/230/300/RXT 260/Wake Pro (16-17),144.95,94.2
HT886GPSA-DKGR,GTX155/GTX LTD 215/230/300/RXT 260/Wake Pro (16-17),144.95,94.2
HT886GPSA-Gray,GTX155/GTX LTD 215/230/300/RXT 260/Wake Pro (16-17),144.95,94.2
HT886GPSA-GRCA,GTX155/GTX LTD 215/230/300/RXT 260/Wake Pro (16-17),144.95,94.2
HT886GPSA-LG,GTX155/GTX LTD 215/230/300/RXT 260/Wake Pro (16-17),144.95,94.2
HT886GPSA-LGCA,GTX155/GTX LTD 215/230/300/RXT 260/Wake Pro (16-17),144.95,94.2
HT886GPSA-LTBLU,GTX155 GTX Ltd 215 230  300  RXT 260  Wake Pro 16-20,144.95,94.2
HT886GPSA-ORAN,GTX155/GTX LTD 215/230/300/RXT 260/Wake Pro (16-17),144.95,94.2
HT886GPSA-PINK,GTX155/GTX LTD 215/230/300/RXT 260/Wake Pro (16-17),144.95,94.2
HT886GPSA-PLMA,GTX155/GTX LTD 215/230/300/RXT 260/Wake Pro (16-17),144.95,94.2
HT886GPSA-PRPL,GTX155/GTX LTD 215/230/300/RXT 260/Wake Pro (16-17),144.95,94.2
HT886GPSA-RBLU,GTX155/GTX LTD 215/230/300/RXT 260/Wake Pro (16-17),144.95,94.2
HT886GPSA-RDCA,GTX155/GTX LTD 215/230/300/RXT 260/Wake Pro (16-17),144.95,94.2
HT886GPSA-RED,GTX155/GTX LTD 215/230/300/RXT 260/Wake Pro (16-17),144.95,94.2
HT886GPSA-RLMA,GTX155/GTX LTD 215/230/300/RXT 260/Wake Pro (16-17),144.95,94.2
HT886GPSA-SNCA,GTX155/GTX LTD 215/230/300/RXT 260/Wake Pro (16-17),144.95,94.2
HT886GPSA-WHT,GTX155/GTX LTD 215/230/300/RXT 260/Wake Pro (16-17),144.95,94.2
HT886GPSA-Yell,GTX155/GTX LTD 215/230/300/RXT 260/Wake Pro (16-17),144.95,94.2
HT886GPSA-YLCA,GTX155/GTX LTD 215/230/300/RXT 260/Wake Pro (16-17),144.95,94.2
HT886MDPSA-BLK,GTX155/GTX LTD 215/230/300/RXT 260/Wake Pro (16-17),144.95,94.2
HT886MDPSA-DKGR,GTX155/GTX LTD 215/230/300/RXT 260/Wake Pro (16-17),144.95,94.2
HT886MDPSA-Gray,GTX155 GTX Ltd 215 230  300  RXT 260  Wake Pro 16-21,144.95,94.2
HT886MDPSA-LG,GTX155/GTX LTD 215/230/300/RXT 260/Wake Pro (16-17),144.95,94.2
HT886MDPSA-RBLU,GTX155/GTX LTD 215/230/300/RXT 260/Wake Pro (16-17),144.95,94.2
HT886MDPSA-RED,GTX155/GTX LTD 215/230/300/RXT 260/Wake Pro (16-17),144.95,94.2
HT886MDPSA-WHT,GTX155/GTX LTD 215/230/300/RXT 260/Wake Pro (16-17),144.95,94.2
HT887-2TGPSA-BLK-BLU,RXT-X 300 (16-17),173.95,113.05
HT887-2TGPSA-BLK-DKG,RXT-X 300 (16-17),173.95,113.05
HT887-2TGPSA-BLK-GRA,RXT-X 300 (16-17),173.95,113.05
HT887-2TGPSA-BLK-LG,RXT-X 300 (16-17),173.95,113.05
HT887-2TGPSA-BLK-ORA,RXT-X 300 (16-17),173.95,113.05
HT887-2TGPSA-BLK-PIN,RXT-X 300 (16-17),173.95,113.05
HT887-2TGPSA-BLK-RED,RXT-X 300 (16-17),173.95,113.05
HT887-2TGPSA-BLK-WHT,RXT-X 300 (16-17),173.95,113.05
HT887-2TGPSA-BLK-YEL,RXT-X 300 (16-17),173.95,113.05
HT887-2TGPSA-BLU-BLK,RXT-X 300 (16-17),173.95,113.05
HT887-2TGPSA-DKG-BLK,RXT-X 300 (16-17),173.95,113.05
HT887-2TGPSA-GRA-BLK,RXT-X 300 (16-17),173.95,113.05
HT887-2TGPSA-LG-BLK,RXT-X 300 (16-17),173.95,113.05
HT887-2TGPSA-RED-BLK,RXT-X 300 (16-17),173.95,113.05
HT889-2TDPSA-BLK-BLU,"GTI / GTI SE 130 | 170, Wake 170, GTR 230 (20)",173.95,113.05
HT889-2TDPSA-BLK-DKG,"GTI / GTI SE 130 | 170, Wake 170, GTR 230 (20)",173.95,113.05
HT889-2TDPSA-BLK-GRA,"GTI / GTI SE 130 | 170, Wake 170, GTR 230 (20)",173.95,113.05
HT889-2TDPSA-BLK-LG,"GTI / GTI SE 130 | 170, Wake 170, GTR 230 (20)",173.95,113.05
HT889-2TDPSA-BLK-ORA,"GTI / GTI SE 130 | 170, Wake 170, GTR 230 (20)",173.95,113.05
HT889-2TDPSA-BLK-PIN,"GTI / GTI SE 130 | 170, Wake 170, GTR 230 (20)",173.95,113.05
HT889-2TDPSA-BLK-RED,"GTI / GTI SE 130 | 170, Wake 170, GTR 230 (20)",173.95,113.05
HT889-2TDPSA-BLK-WHT,"GTI / GTI SE 130 | 170, Wake 170, GTR 230 (20)",173.95,113.05
HT889-2TDPSA-BLK-YL,"GTI / GTI SE 130 | 170, Wake 170, GTR 230 (20)",173.95,113.05
HT889-2TDPSA-BLU-BLK,"GTI / GTI SE 130 | 170, Wake 170, GTR 230 (20)",173.95,113.05
HT889-2TDPSA-DKG-BLK,"GTI / GTI SE 130 | 170, Wake 170, GTR 230 (20)",173.95,113.05
HT889-2TDPSA-GRA-BLK,"GTI / GTI SE 130 | 170, Wake 170, GTR 230 (20)",173.95,113.05
HT889-2TDPSA-LG-BLK,"GTI / GTI SE 130 | 170, Wake 170, GTR 230 (20)",173.95,113.05
HT889-2TDPSA-RED-BLK,"GTI / GTI SE 130 | 170, Wake 170, GTR 230 (20)",173.95,113.05
HT889-2TGPSA-BLK-BLU,"GTI / GTI SE 130 | 170, Wake 170, GTR 230 (20)",173.95,113.05
HT889-2TGPSA-BLK-DKG,"GTI / GTI SE 130 | 170, Wake 170, GTR 230 (20)",173.95,113.05
HT889-2TGPSA-BLK-GRA,"GTI / GTI SE 130 | 170, Wake 170, GTR 230 (20)",173.95,113.05
HT889-2TGPSA-BLK-LG,"GTI / GTI SE 130 | 170, Wake 170, GTR 230 (20)",173.95,113.05
HT889-2TGPSA-BLK-ORA,"GTI / GTI SE 130 | 170, Wake 170, GTR 230 (20)",173.95,113.05
HT889-2TGPSA-BLK-PIN,"GTI / GTI SE 130 | 170, Wake 170, GTR 230 (20)",173.95,113.05
HT889-2TGPSA-BLK-RED,"GTI / GTI SE 130 | 170, Wake 170, GTR 230 (20)",173.95,113.05
HT889-2TGPSA-BLK-WHT,"GTI / GTI SE 130 | 170, Wake 170, GTR 230 (20)",173.95,113.05
HT889-2TGPSA-BLK-YEL,"GTI / GTI SE 130 | 170, Wake 170, GTR 230 (20)",173.95,113.05
HT889-2TGPSA-BLU-BLK,"GTI / GTI SE 130 | 170, Wake 170, GTR 230 (20)",173.95,113.05
HT889-2TGPSA-DKG-BLK,"GTI / GTI SE 130 | 170, Wake 170, GTR 230 (20)",173.95,113.05
HT889-2TGPSA-GRA-BLK,"GTI / GTI SE 130 | 170, Wake 170, GTR 230 (20)",173.95,113.05
HT889-2TGPSA-LG-BLK,"GTI / GTI SE 130 | 170, Wake 170, GTR 230 (20)",173.95,113.05
HT889-2TGPSA-RED-BLK,"GTI / GTI SE 130 | 170, Wake 170, GTR 230 (20)",173.95,113.05
HT889DPSA-BLCA,"GTI / GTI SE 130 | 170, Wake 170, GTR 230 (20)",144.95,94.2
HT889DPSA-BLK,"GTI / GTI SE 130 | 170, Wake 170, GTR 230 (20)",144.95,94.2
HT889DPSA-BLMA,"GTI / GTI SE 130 | 170, Wake 170, GTR 230 (20)",144.95,94.2
HT889DPSA-DBlU,"GTI / GTI SE 130 | 170, Wake 170, GTR 230 (20)",144.95,94.2
HT889DPSA-DKGR,"GTI / GTI SE 130 | 170, Wake 170, GTR 230 (20)",144.95,94.2
HT889DPSA-Gray,"GTI / GTI SE 130 | 170, Wake 170, GTR 230 (20)",144.95,94.2
HT889DPSA-GRCA,"GTI / GTI SE 130 | 170, Wake 170, GTR 230 (20)",144.95,94.2
HT889DPSA-LG,"GTI / GTI SE 130 | 170, Wake 170, GTR 230 (20)",144.95,94.2
HT889DPSA-LTBLU,"GTI / GTI SE 130 | 170, Wake 170, GTR 230 (20)",144.95,94.2
HT889DPSA-ORAN,"GTI / GTI SE 130 | 170, Wake 170, GTR 230 (20)",144.95,94.2
HT889DPSA-PINK,"GTI / GTI SE 130 | 170, Wake 170, GTR 230 (20)",144.95,94.2
HT889DPSA-PLMA,"GTI / GTI SE 130 | 170, Wake 170, GTR 230 (20)",144.95,94.2
HT889DPSA-PRPL,"GTI / GTI SE 130 | 170, Wake 170, GTR 230 (20)",144.95,94.2
HT889DPSA-RBLU,"GTI / GTI SE 130 | 170, Wake 170, GTR 230 (20)",144.95,94.2
HT889DPSA-RDCA,"GTI / GTI SE 130 | 170, Wake 170, GTR 230 (20)",144.95,94.2
HT889DPSA-RED,"GTI / GTI SE 130 | 170, Wake 170, GTR 230 (20)",144.95,94.2
HT889DPSA-RLMA,"GTI / GTI SE 130 | 170, Wake 170, GTR 230 (20)",144.95,94.2
HT889DPSA-SNCA,"GTI / GTI SE 130 | 170, Wake 170, GTR 230 (20)",144.95,94.2
HT889DPSA-WHT,"GTI / GTI SE 130 | 170, Wake 170, GTR 230 (20)",144.95,94.2
HT889DPSA-Yell,"GTI / GTI SE 130 | 170, Wake 170, GTR 230 (20)",144.95,94.2
HT889DPSA-YLCA,"GTI / GTI SE 130 | 170, Wake 170, GTR 230 (20)",144.95,94.2
HT889GPSA-BLCA,"GTI / GTI SE 130 | 170, Wake 170, GTR 230 (20)",144.95,94.2
HT889GPSA-BLK,"GTI / GTI SE 130 | 170, Wake 170, GTR 230 (20)",144.95,94.2
HT889GPSA-BLMA,"GTI / GTI SE 130 | 170, Wake 170, GTR 230 (20)",144.95,94.2
HT889GPSA-DBlU,"GTI / GTI SE 130 | 170, Wake 170, GTR 230 (20)",144.95,94.2
HT889GPSA-DKGR,"GTI / GTI SE 130 | 170, Wake 170, GTR 230 (20)",144.95,94.2
HT889GPSA-Gray,"GTI / GTI SE 130 | 170, Wake 170, GTR 230 (20)",144.95,94.2
HT889GPSA-GRCA,"GTI / GTI SE 130 | 170, Wake 170, GTR 230 (20)",144.95,94.2
HT889GPSA-LG,"GTI / GTI SE 130 | 170, Wake 170, GTR 230 (20)",144.95,94.2
HT889GPSA-LGCA,"GTI / GTI SE 130 | 170, Wake 170, GTR 230 (20)",144.95,94.2
HT889GPSA-LTBLU,"GTI / GTI SE 130 | 170, Wake 170, GTR 230 (20)",144.95,94.2
HT889GPSA-ORAN,"GTI / GTI SE 130 | 170, Wake 170, GTR 230 (20)",144.95,94.2
HT889GPSA-PINK,"GTI / GTI SE 130 | 170, Wake 170, GTR 230 (20)",144.95,94.2
HT889GPSA-PLMA,"GTI / GTI SE 130 | 170, Wake 170, GTR 230 (20)",144.95,94.2
HT889GPSA-PRPL,"GTI / GTI SE 130 | 170, Wake 170, GTR 230 (20)",144.95,94.2
HT889GPSA-RBLU,"GTI / GTI SE 130 | 170, Wake 170, GTR 230 (20)",144.95,94.2
HT889GPSA-RDCA,"GTI / GTI SE 130 | 170, Wake 170, GTR 230 (20)",144.95,94.2
HT889GPSA-RED,"GTI / GTI SE 130 | 170, Wake 170, GTR 230 (20)",144.95,94.2
HT889GPSA-RLMA,"GTI / GTI SE 130 | 170, Wake 170, GTR 230 (20)",144.95,94.2
HT889GPSA-SNCA,"GTI / GTI SE 130 | 170, Wake 170, GTR 230 (20)",144.95,94.2
HT889GPSA-WHT,"GTI / GTI SE 130 | 170, Wake 170, GTR 230 (20)",144.95,94.2
HT889GPSA-Yell,"GTI / GTI SE 130 | 170, Wake 170, GTR 230 (20)",144.95,94.2
HT889GPSA-YLCA,"GTI / GTI SE 130 | 170, Wake 170, GTR 230 (20)",144.95,94.2
HT889MDPSA-BLK,"GTI / GTI SE 130 | 170, Wake 170, GTR 230 (20)",144.95,94.2
HT889MDPSA-DKGR,"GTI / GTI SE 130 | 170, Wake 170, GTR 230 (20)",144.95,94.2
HT889MDPSA-Gray,"GTI / GTI SE 130 | 170, Wake 170, GTR 230 (20)",144.95,94.2
HT889MDPSA-LG,"GTI / GTI SE 130 | 170, Wake 170, GTR 230 (20)",144.95,94.2
HT889MDPSA-RBLU,"GTI / GTI SE 130 | 170, Wake 170, GTR 230 (20)",144.95,94.2
HT889MDPSA-RED,"GTI / GTI SE 130 | 170, Wake 170, GTR 230 (20)",144.95,94.2
HT889MDPSA-WHT,"GTI / GTI SE 130 | 170, Wake 170, GTR 230 (20)",144.95,94.2
HT88DPSA-BLCA,GTX 03-08 GTX 4-TEC 02-05 GTX DI 02-03 RXT X Pre 09,131.95,85.75
HT88DPSA-BLK,GTX 03-08  GTX 4-TEC 02-05  GTX DI 02-03 RXTX Pre 09,131.95,85.75
HT88DPSA-BLMA,GTX 03-08  GTX 4-TEC 02-05  GTX DI 02-03 RXTX Pre 09,131.95,85.75
HT88DPSA-DBlU,GTX 03-08  GTX 4-TEC 02-05  GTX DI 02-03 RXTX Pre 09,131.95,85.75
HT88DPSA-DKGR,GTX 03-08  GTX 4-TEC 02-05  GTX DI 02-03 RXTX Pre 09,131.95,85.75
HT88DPSA-Gray,GTX 03-08 GTX 4-TEC 02-05 GTX DI 02-03 RXT X Pre 10,131.95,85.75
HT88DPSA-GRCA,GTX 03-08  GTX 4-TEC 02-05  GTX DI 02-03 RXTX Pre 09,131.95,85.75
HT88DPSA-LG,GTX 03-08  GTX 4-TEC 02-05  GTX DI 02-03 RXTX Pre 09,131.95,85.75
HT88DPSA-LGCA,GTX 03-08  GTX 4-TEC 02-05  GTX DI 02-03 RXTX Pre 09,131.95,85.75
HT88DPSA-LTBLU,GTX 03-08  GTX 4-TEC 02-05  GTX DI 02-03 RXTX Pre 09,131.95,85.75
HT88DPSA-ORAN,GTX 03-08 GTX 4-TEC 02-05 GTX DI 02-03 RXT X Pre 11,131.95,85.75
HT88DPSA-PINK,GTX 03-08  GTX 4-TEC 02-05  GTX DI 02-03 RXTX Pre 09,131.95,85.75
HT88DPSA-PLMA,GTX 03-08  GTX 4-TEC 02-05  GTX DI 02-03 RXTX Pre 09,131.95,85.75
HT88DPSA-PRPL,GTX 03-08  GTX 4-TEC 02-05  GTX DI 02-03 RXTX Pre 09,131.95,85.75
HT88DPSA-RBLU,GTX 03-08  GTX 4-TEC 02-05  GTX DI 02-03 RXTX Pre 09,131.95,85.75
HT88DPSA-RDCA,GTX 03-08 GTX 4-TEC 02-05 GTX DI 02-03 RXT X Pre 12,131.95,85.75
HT88DPSA-RED,GTX 03-08  GTX 4-TEC 02-05  GTX DI 02-03 RXTX Pre 09,131.95,85.75
HT88DPSA-RLMA,GTX 03-08  GTX 4-TEC 02-05  GTX DI 02-03 RXTX Pre 09,131.95,85.75
HT88DPSA-SNCA,GTX 03-08  GTX 4-TEC 02-05  GTX DI 02-03 RXTX Pre 09,131.95,85.75
HT88DPSA-WHT,GTX 03-08  GTX 4-TEC 02-05  GTX DI 02-03 RXTX Pre 09,131.95,85.75
HT88DPSA-Yell,GTX 03-08 GTX 4-TEC 02-05 GTX DI 02-03 RXT X Pre 13,131.95,85.75
HT88DPSA-YLCA,GTX 03-08  GTX 4-TEC 02-05  GTX DI 02-03 RXTX Pre 09,131.95,85.75
HT88GPSA-BLCA,GTX 03-08  GTX 4-TEC 02-05  GTX DI 02-03 RXTX Pre 09,131.95,85.75
HT88GPSA-BLK,GTX 03-08  GTX 4-TEC 02-05  GTX DI 02-03 RXTX Pre 09,131.95,85.75
HT88GPSA-BLMA,GTX 03-08  GTX 4-TEC 02-05  GTX DI 02-03 RXTX Pre 09,131.95,85.75
HT88GPSA-DBlU,GTX 03-08 GTX 4-TEC 02-05 GTX DI 02-03 RXT X Pre 14,131.95,85.75
HT88GPSA-DKGR,GTX 03-08  GTX 4-TEC 02-05  GTX DI 02-03 RXTX Pre 09,131.95,85.75
HT88GPSA-Gray,GTX 03-08  GTX 4-TEC 02-05  GTX DI 02-03 RXTX Pre 09,131.95,85.75
HT88GPSA-GRCA,GTX 03-08  GTX 4-TEC 02-05  GTX DI 02-03 RXTX Pre 09,131.95,85.75
HT88GPSA-LG,GTX 03-08  GTX 4-TEC 02-05  GTX DI 02-03 RXTX Pre 09,131.95,85.75
HT88GPSA-LGCA,GTX 03-08 GTX 4-TEC 02-05 GTX DI 02-03 RXT X Pre 15,131.95,85.75
HT88GPSA-LTBLU,GTX 03-08  GTX 4-TEC 02-05  GTX DI 02-03 RXTX Pre 09,131.95,85.75
HT88GPSA-ORAN,GTX 03-08  GTX 4-TEC 02-05  GTX DI 02-03 RXTX Pre 09,131.95,85.75
HT88GPSA-PINK,GTX 03-08  GTX 4-TEC 02-05  GTX DI 02-03 RXTX Pre 09,131.95,85.75
HT88GPSA-PLMA,GTX 03-08  GTX 4-TEC 02-05  GTX DI 02-03 RXTX Pre 09,131.95,85.75
HT88GPSA-PRPL,GTX 03-08 GTX 4-TEC 02-05 GTX DI 02-03 RXT X Pre 16,131.95,85.75
HT88GPSA-RBLU,GTX 03-08  GTX 4-TEC 02-05  GTX DI 02-03 RXTX Pre 09,131.95,85.75
HT88GPSA-RDCA,GTX 03-08  GTX 4-TEC 02-05  GTX DI 02-03 RXTX Pre 09,131.95,85.75
HT88GPSA-RED,GTX 03-08  GTX 4-TEC 02-05  GTX DI 02-03 RXTX Pre 09,131.95,85.75
HT88GPSA-RLMA,GTX 03-08  GTX 4-TEC 02-05  GTX DI 02-03 RXTX Pre 09,131.95,85.75
HT88GPSA-SNCA,GTX 03-08 GTX 4-TEC 02-05 GTX DI 02-03 RXT X Pre 17,131.95,85.75
HT88GPSA-WHT,GTX 03-08  GTX 4-TEC 02-05  GTX DI 02-03 RXTX Pre 09,131.95,85.75
HT88GPSA-Yell,GTX 03-08  GTX 4-TEC 02-05  GTX DI 02-03 RXTX Pre 09,131.95,85.75
HT88GPSA-YLCA,GTX 03-08  GTX 4-TEC 02-05  GTX DI 02-03 RXTX Pre 09,131.95,85.75
HT88MDPSA-BLK,GTX 03-08  GTX 4-TEC 02-05  GTX DI 02-03 RXTX Pre 09,131.95,85.75
HT88MDPSA-DKGR,GTX 03-08 GTX 4-TEC 02-05 GTX DI 02-03 RXT X Pre 18,131.95,85.75
HT88MDPSA-Gray,GTX 03-08  GTX 4-TEC 02-05  GTX DI 02-03 RXTX Pre 09,131.95,85.75
HT88MDPSA-LG,GTX 03-08  GTX 4-TEC 02-05  GTX DI 02-03 RXTX Pre 09,131.95,85.75
HT88MDPSA-RBLU,GTX 03-08  GTX 4-TEC 02-05  GTX DI 02-03 RXTX Pre 09,131.95,85.75
HT88MDPSA-RED,GTX 03-08  GTX 4-TEC 02-05  GTX DI 02-03 RXTX Pre 09,131.95,85.75
HT88MDPSA-WHT,GTX 03-08 GTX 4-TEC 02-05 GTX DI 02-03 RXT X Pre 19,131.95,85.75
HT891-2TDPSA-BLK-BLU,RXP (06-11) / RXP-X (08-11),158.95,103.3
HT891-2TDPSA-BLK-DKG,RXP (06-11) / RXP-X (08-11),158.95,103.3
HT891-2TDPSA-BLK-GRA,RXP (06-11) / RXP-X (08-11),158.95,103.3
HT891-2TDPSA-BLK-LG,RXP (06-11) / RXP-X (08-11),158.95,103.3
HT891-2TDPSA-BLK-ORA,RXP (06-11) / RXP-X (08-11),158.95,103.3
HT891-2TDPSA-BLK-PIN,RXP (06-11) / RXP-X (08-11),158.95,103.3
HT891-2TDPSA-BLK-RED,RXP (06-11) / RXP-X (08-11),158.95,103.3
HT891-2TDPSA-BLK-WHT,RXP (06-11) / RXP-X (08-11),158.95,103.3
HT891-2TDPSA-BLK-YL,RXP (06-11) / RXP-X (08-11),158.95,103.3
HT891-2TDPSA-BLU-BLK,RXP (06-11) / RXP-X (08-11),158.95,103.3
HT891-2TDPSA-DKG-BLK,RXP (06-11) / RXP-X (08-11),158.95,103.3
HT891-2TDPSA-GRA-BLK,RXP (06-11) / RXP-X (08-11),158.95,103.3
HT891-2TDPSA-LG-BLK,RXP (06-11) / RXP-X (08-11),158.95,103.3
HT891-2TDPSA-RED-BLK,RXP (06-11) / RXP-X (08-11),158.95,103.3
HT891-2TGPSA-BLK-BLU,RXP (06-11) / RXP-X (08-11),158.95,103.3
HT891-2TGPSA-BLK-DKG,RXP (06-11) / RXP-X (08-11),158.95,103.3
HT891-2TGPSA-BLK-GRA,RXP (06-11) / RXP-X (08-11),158.95,103.3
HT891-2TGPSA-BLK-LG,RXP (06-11) / RXP-X (08-11),158.95,103.3
HT891-2TGPSA-BLK-ORA,RXP (06-11) / RXP-X (08-11),158.95,103.3
HT891-2TGPSA-BLK-PIN,RXP (06-11) / RXP-X (08-11),158.95,103.3
HT891-2TGPSA-BLK-RED,RXP (06-11) / RXP-X (08-11),158.95,103.3
HT891-2TGPSA-BLK-WHT,RXP (06-11) / RXP-X (08-11),158.95,103.3
HT891-2TGPSA-BLK-YEL,RXP (06-11) / RXP-X (08-11),158.95,103.3
HT891-2TGPSA-BLU-BLK,RXP (06-11) / RXP-X (08-11),158.95,103.3
HT891-2TGPSA-DKG-BLK,RXP (06-11) / RXP-X (08-11),158.95,103.3
HT891-2TGPSA-GRA-BLK,RXP (06-11) / RXP-X (08-11),158.95,103.3
HT891-2TGPSA-LG-BLK,RXP (06-11) / RXP-X (08-11),158.95,103.3
HT891-2TGPSA-RED-BLK,RXP (06-11) / RXP-X (08-11),158.95,103.3
HT891DPSA-BLCA,RXP (06-11) / RXP-X (08-11),131.95,85.75
HT891DPSA-BLK,RXP (06-11) / RXP-X (08-11),131.95,85.75
HT891DPSA-BLMA,RXP (06-11) / RXP-X (08-11),131.95,85.75
HT891DPSA-DBlU,RXP (06-11) / RXP-X (08-11),131.95,85.75
HT891DPSA-DKGR,RXP (06-11) / RXP-X (08-11),131.95,85.75
HT891DPSA-Gray,RXP (06-11) / RXP-X (08-11),131.95,85.75
HT891DPSA-GRCA,RXP (06-11) / RXP-X (08-11),131.95,85.75
HT891DPSA-LG,RXP (06-11) / RXP-X (08-11),131.95,85.75
HT891DPSA-LGCA,RXP (06-11) / RXP-X (08-11),131.95,85.75
HT891DPSA-LTBLU,RXP (06-11) / RXP-X (08-11),131.95,85.75
HT891DPSA-ORAN,RXP (06-11) / RXP-X (08-11),131.95,85.75
HT891DPSA-PINK,RXP (06-11) / RXP-X (08-11),131.95,85.75
HT891DPSA-PLMA,RXP (06-11) / RXP-X (08-11),131.95,85.75
HT891DPSA-PRPL,RXP (06-11) / RXP-X (08-11),131.95,85.75
HT891DPSA-RBLU,RXP (06-11) / RXP-X (08-11),131.95,85.75
HT891DPSA-RDCA,RXP (06-11) / RXP-X (08-11),131.95,85.75
HT891DPSA-RED,RXP (06-11) / RXP-X (08-11),131.95,85.75
HT891DPSA-RLMA,RXP (06-11) / RXP-X (08-11),131.95,85.75
HT891DPSA-SNCA,RXP (06-11) / RXP-X (08-11),131.95,85.75
HT891DPSA-WHT,RXP (06-11) / RXP-X (08-11),131.95,85.75
HT891DPSA-Yell,RXP (06-11) / RXP-X (08-11),131.95,85.75
HT891DPSA-YLCA,RXP (06-11) / RXP-X (08-11),131.95,85.75
HT891GPSA-BLCA,RXP (06-11) / RXP-X (08-11),131.95,85.75
HT891GPSA-BLK,RXP (06-11) / RXP-X (08-11),131.95,85.75
HT891GPSA-BLMA,RXP (06-11) / RXP-X (08-11),131.95,85.75
HT891GPSA-DBlU,RXP (06-11) / RXP-X (08-11),131.95,85.75
HT891GPSA-DKGR,RXP (06-11) / RXP-X (08-11),131.95,85.75
HT891GPSA-Gray,RXP (06-11) / RXP-X (08-11),131.95,85.75
HT891GPSA-GRCA,RXP (06-11) / RXP-X (08-11),131.95,85.75
HT891GPSA-LG,RXP (06-11) / RXP-X (08-11),131.95,85.75
HT891GPSA-LGCA,RXP (06-11) / RXP-X (08-11),131.95,85.75
HT891GPSA-LTBLU,RXP (06-11) / RXP-X (08-11),131.95,85.75
HT891GPSA-ORAN,RXP (06-11) / RXP-X (08-11),131.95,85.75
HT891GPSA-PINK,RXP (06-11) / RXP-X (08-11),131.95,85.75
HT891GPSA-PLMA,RXP (06-11) / RXP-X (08-11),131.95,85.75
HT891GPSA-PRPL,RXP (06-11) / RXP-X (08-11),131.95,85.75
HT891GPSA-RBLU,RXP (06-11) / RXP-X (08-11),131.95,85.75
HT891GPSA-RDCA,RXP (06-11) / RXP-X (08-11),131.95,85.75
HT891GPSA-RED,RXP (06-11) / RXP-X (08-11),131.95,85.75
HT891GPSA-RLMA,RXP (06-11) / RXP-X (08-11),131.95,85.75
HT891GPSA-SNCA,RXP (06-11) / RXP-X (08-11),131.95,85.75
HT891GPSA-WHT,RXP (06-11) / RXP-X (08-11),131.95,85.75
HT891GPSA-Yell,RXP (06-11) / RXP-X (08-11),131.95,85.75
HT891GPSA-YLCA,RXP (06-11) / RXP-X (08-11),131.95,85.75
HT891MDPSA-BLK,RXP (06-11) / RXP-X (08-11),131.95,85.75
HT891MDPSA-DKGR,RXP (06-11) / RXP-X (08-11),131.95,85.75
HT891MDPSA-Gray,RXP (06-11) / RXP-X (08-11),131.95,85.75
HT891MDPSA-LG,RXP (06-11) / RXP-X (08-11),131.95,85.75
HT891MDPSA-RBLU,RXP (06-11) / RXP-X (08-11),131.95,85.75
HT891MDPSA-RED,RXP (06-11) / RXP-X (08-11),131.95,85.75
HT891MDPSA-WHT,RXP (06-11) / RXP-X (08-11),131.95,85.75
HT892-2TDPSA-BLK-BLU,RXP-X 260 12-16 /RXP-X 300 12-20/GTR-X 230 17-19,158.95,103.3
HT892-2TDPSA-BLK-DKG,RXP-X 260 12-16 /RXP-X 300 12-20/GTR-X 230 17-19,158.95,103.3
HT892-2TDPSA-BLK-GRA,RXP-X 260 12-16 /RXP-X 300 12-20/GTR-X 230 17-19,158.95,103.3
HT892-2TDPSA-BLK-LG,RXP-X 260 12-16 /RXP-X 300 12-20/GTR-X 230 17-19,158.95,103.3
HT892-2TDPSA-BLK-ORA,RXP-X 260 12-16 /RXP-X 300 12-20/GTR-X 230 17-19,158.95,103.3
HT892-2TDPSA-BLK-PIN,RXP-X 260 12-16 /RXP-X 300 12-20/GTR-X 230 17-19,158.95,103.3
HT892-2TDPSA-BLK-RED,RXP-X 260 12-16 /RXP-X 300 12-20/GTR-X 230 17-19,158.95,103.3
HT892-2TDPSA-BLK-WHT,RXP-X 260 12-16 /RXP-X 300 12-20/GTR-X 230 17-19,158.95,103.3
HT892-2TDPSA-BLK-YL,RXP-X 260 12-16 /RXP-X 300 12-20/GTR-X 230 17-19,158.95,103.3
HT892-2TDPSA-BLU-BLK,RXP-X 260 12-16 /RXP-X 300 12-20/GTR-X 230 17-19,158.95,103.3
HT892-2TDPSA-DKG-BLK,RXP-X 260 12-16 /RXP-X 300 12-20/GTR-X 230 17-19,158.95,103.3
HT892-2TDPSA-GRA-BLK,RXP-X 260 12-16 /RXP-X 300 12-20/GTR-X 230 17-19,158.95,103.3
HT892-2TDPSA-LG-BLK,RXP-X 260 12-16 /RXP-X 300 12-20/GTR-X 230 17-19,158.95,103.3
HT892-2TDPSA-RED-BLK,RXP-X 260 12-16 /RXP-X 300 12-20/GTR-X 230 17-19,158.95,103.3
HT892-2TGPSA-BLK-BLU,RXP-X 260 12-16 /RXP-X 300 12-20/GTR-X 230 17-19,158.95,103.3
HT892-2TGPSA-BLK-DKG,RXP-X 260 12-16 /RXP-X 300 12-20/GTR-X 230 17-19,158.95,103.3
HT892-2TGPSA-BLK-GRA,RXP-X 260 12-16 /RXP-X 300 12-20/GTR-X 230 17-19,158.95,103.3
HT892-2TGPSA-BLK-LG,RXP-X 260 12-16 /RXP-X 300 12-20/GTR-X 230 17-19,158.95,103.3
HT892-2TGPSA-BLK-ORA,RXP-X 260 12-16 /RXP-X 300 12-20/GTR-X 230 17-19,158.95,103.3
HT892-2TGPSA-BLK-PIN,RXP-X 260 12-16 /RXP-X 300 12-20/GTR-X 230 17-19,158.95,103.3
HT892-2TGPSA-BLK-RED,RXP-X 260 12-16 /RXP-X 300 12-20/GTR-X 230 17-19,158.95,103.3
HT892-2TGPSA-BLK-WHT,RXP-X 260 12-16 /RXP-X 300 12-20/GTR-X 230 17-19,158.95,103.3
HT892-2TGPSA-BLK-YEL,RXP-X 260 12-16 /RXP-X 300 12-20/GTR-X 230 17-19,158.95,103.3
HT892-2TGPSA-BLU-BLK,RXP-X 260 12-16 /RXP-X 300 12-20/GTR-X 230 17-19,158.95,103.3
HT892-2TGPSA-DKG-BLK,RXP-X 260 12-16 /RXP-X 300 12-20/GTR-X 230 17-19,158.95,103.3
HT892-2TGPSA-GRA-BLK,RXP-X 260 12-16 /RXP-X 300 12-20/GTR-X 230 17-19,158.95,103.3
HT892-2TGPSA-LG-BLK,RXP-X 260 12-16 /RXP-X 300 12-20/GTR-X 230 17-19,158.95,103.3
HT892-2TGPSA-RED-BLK,RXP-X 260 12-16 /RXP-X 300 12-20/GTR-X 230 17-19,158.95,103.3
HT892DPSA-BLCA,RXP-X 260 12-16 /RXP-X 300 12-20/GTR-X 230 17-19,131.95,85.75
HT892DPSA-BLK,RXP-X 260 12-16 /RXP-X 300 12-20/GTR-X 230 17-19,131.95,85.75
HT892DPSA-BLMA,RXP-X 260 12-16 /RXP-X 300 12-20/GTR-X 230 17-19,131.95,85.75
HT892DPSA-DBlU,RXP-X 260 12-16 /RXP-X 300 12-20/GTR-X 230 17-19,131.95,85.75
HT892DPSA-DKGR,RXP-X 260 12-16 /RXP-X 300 12-20/GTR-X 230 17-19,131.95,85.75
HT892DPSA-Gray,RXP-X 260 12-16 /RXP-X 300 12-20/GTR-X 230 17-19,131.95,85.75
HT892DPSA-GRCA,RXP-X 260 12-16 /RXP-X 300 12-20/GTR-X 230 17-19,131.95,85.75
HT892DPSA-LG,RXP-X 260 12-16 /RXP-X 300 12-20/GTR-X 230 17-19,131.95,85.75
HT892DPSA-LGCA,RXP-X 260 12-16 /RXP-X 300 12-20/GTR-X 230 17-19,131.95,85.75
HT892DPSA-LTBLU,RXP-X 260 12-16 /RXP-X 300 12-20/GTR-X 230 17-19,131.95,85.75
HT892DPSA-ORAN,RXP-X 260 12-16 /RXP-X 300 12-20/GTR-X 230 17-19,131.95,85.75
HT892DPSA-PINK,RXP-X 260 12-16 /RXP-X 300 12-20/GTR-X 230 17-19,131.95,85.75
HT892DPSA-PLMA,RXP-X 260 12-16 /RXP-X 300 12-20/GTR-X 230 17-19,131.95,85.75
HT892DPSA-PRPL,RXP-X 260 12-16 /RXP-X 300 12-20/GTR-X 230 17-19,131.95,85.75
HT892DPSA-RBLU,RXP-X 260 12-16 /RXP-X 300 12-20/GTR-X 230 17-19,131.95,85.75
HT892DPSA-RDCA,RXP-X 260 12-16 /RXP-X 300 12-20/GTR-X 230 17-19,131.95,85.75
HT892DPSA-RED,RXP-X 260 12-16 /RXP-X 300 12-20/GTR-X 230 17-19,131.95,85.75
HT892DPSA-RLMA,RXP-X 260 12-16 /RXP-X 300 12-20/GTR-X 230 17-19,131.95,85.75
HT892DPSA-SNCA,RXP-X 260 12-16 /RXP-X 300 12-20/GTR-X 230 17-19,131.95,85.75
HT892DPSA-WHT,RXP-X 260 12-16 /RXP-X 300 12-20/GTR-X 230 17-19,131.95,85.75
HT892DPSA-Yell,RXP-X 260 12-16 /RXP-X 300 12-20/GTR-X 230 17-19,131.95,85.75
HT892DPSA-YLCA,RXP-X 260 12-16 /RXP-X 300 12-20/GTR-X 230 17-19,131.95,85.75
HT892GPSA-BLCA,RXP-X 260 12-16 /RXP-X 300 12-20/GTR-X 230 17-19,131.95,85.75
HT892GPSA-BLK,RXP-X 260 12-16 /RXP-X 300 12-20/GTR-X 230 17-19,131.95,85.75
HT892GPSA-BLMA,RXP-X 260 12-16 /RXP-X 300 12-20/GTR-X 230 17-19,131.95,85.75
HT892GPSA-DBlU,RXP-X 260 12-16 /RXP-X 300 12-20/GTR-X 230 17-19,131.95,85.75
HT892GPSA-DKGR,RXP-X 260 12-16 /RXP-X 300 12-20/GTR-X 230 17-19,131.95,85.75
HT892GPSA-Gray,RXP-X 260 12-16 /RXP-X 300 12-20/GTR-X 230 17-19,131.95,85.75
HT892GPSA-GRCA,RXP-X 260 12-16 /RXP-X 300 12-20/GTR-X 230 17-19,131.95,85.75
HT892GPSA-LG,RXP-X 260 12-16 /RXP-X 300 12-20/GTR-X 230 17-19,131.95,85.75
HT892GPSA-LGCA,RXP-X 260 12-16 /RXP-X 300 12-20/GTR-X 230 17-19,131.95,85.75
HT892GPSA-LTBLU,RXP-X 260 12-16 /RXP-X 300 12-20/GTR-X 230 17-19,131.95,85.75
HT892GPSA-ORAN,RXP-X 260 12-16 /RXP-X 300 12-20/GTR-X 230 17-19,131.95,85.75
HT892GPSA-PINK,RXP-X 260 12-16 /RXP-X 300 12-20/GTR-X 230 17-19,131.95,85.75
HT892GPSA-PLMA,RXP-X 260 12-16 /RXP-X 300 12-20/GTR-X 230 17-19,131.95,85.75
HT892GPSA-PRPL,RXP-X 260 12-16 /RXP-X 300 12-20/GTR-X 230 17-19,131.95,85.75
HT892GPSA-RBLU,RXP-X 260 12-16 /RXP-X 300 12-20/GTR-X 230 17-19,131.95,85.75
HT892GPSA-RDCA,RXP-X 260 12-16 /RXP-X 300 12-20/GTR-X 230 17-19,131.95,85.75
HT892GPSA-RED,RXP-X 260 12-16 /RXP-X 300 12-20/GTR-X 230 17-19,131.95,85.75
HT892GPSA-RLMA,RXP-X 260 12-16 /RXP-X 300 12-20/GTR-X 230 17-19,131.95,85.75
HT892GPSA-SNCA,RXP-X 260 12-16 /RXP-X 300 12-20/GTR-X 230 17-19,131.95,85.75
HT892GPSA-WHT,RXP-X 260 12-16 /RXP-X 300 12-20/GTR-X 230 17-19,131.95,85.75
HT892GPSA-Yell,RXP-X 260 12-16 /RXP-X 300 12-20/GTR-X 230 17-19,131.95,85.75
HT892GPSA-YLCA,RXP-X 260 12-16 /RXP-X 300 12-20/GTR-X 230 17-19,131.95,85.75
HT89-2TDPSA-BLK-BLU,RXP (Pre 06),158.95,103.3
HT89-2TDPSA-BLK-DKGR,RXP (Pre 06),158.95,103.3
HT89-2TDPSA-BLK-GRA,RXP (Pre 06),158.95,103.3
HT89-2TDPSA-BLK-LG,RXP (Pre 06),158.95,103.3
HT89-2TDPSA-BLK-ORAN,RXP (Pre 06),158.95,103.3
HT89-2TDPSA-BLK-PINK,RXP (Pre 06),158.95,103.3
HT89-2TDPSA-BLK-RED,RXP (Pre 06),158.95,103.3
HT89-2TDPSA-BLK-WHT,RXP (Pre 06),158.95,103.3
HT89-2TDPSA-BLK-YELL,RXP (Pre 06),158.95,103.3
HT89-2TDPSA-BLU-BLK,RXP (Pre 06),158.95,103.3
HT89-2TDPSA-DKG-BLK,RXP (Pre 06),158.95,103.3
HT89-2TDPSA-GRA-BLK,RXP (Pre 06),158.95,103.3
HT89-2TDPSA-LG-BLK,RXP (Pre 06),158.95,103.3
HT89-2TDPSA-RED-BLK,RXP (Pre 06),158.95,103.3
HT89-2TGPSA-BLK-BLU,RXP (Pre 06),158.95,103.3
HT89-2TGPSA-BLK-DKGR,RXP (Pre 06),158.95,103.3
HT89-2TGPSA-BLK-GRA,RXP (Pre 06),158.95,103.3
HT89-2TGPSA-BLK-LG,RXP (Pre 06),158.95,103.3
HT89-2TGPSA-BLK-ORAN,RXP (Pre 06),158.95,103.3
HT89-2TGPSA-BLK-PINK,RXP (Pre 06),158.95,103.3
HT89-2TGPSA-BLK-RED,RXP (Pre 06),158.95,103.3
HT89-2TGPSA-BLK-WHT,RXP (Pre 06),158.95,103.3
HT89-2TGPSA-BLK-YELL,RXP (Pre 06),158.95,103.3
HT89-2TGPSA-BLU-BLK,RXP (Pre 06),158.95,103.3
HT89-2TGPSA-DKG-BLK,RXP (Pre 06),158.95,103.3
HT89-2TGPSA-GRA-BLK,RXP (Pre 06),158.95,103.3
HT89-2TGPSA-LG-BLK,RXP (Pre 06),158.95,103.3
HT89-2TGPSA-RED-BLK,RXP (Pre 06),158.95,103.3
HT8931-2TDPSA-BLK-BL,"RXT 230 (19), GTX, GTX Ltd. & Wake Pro 230 (19-20)",173.95,113.05
HT8931-2TDPSA-BLK-DG,"RXT 230 (19), GTX, GTX Ltd. & Wake Pro 230 (19-20)",173.95,113.05
HT8931-2TDPSA-BLK-GR,"RXT 230 (19), GTX, GTX Ltd. & Wake Pro 230 (19-20)",173.95,113.05
HT8931-2TDPSA-BLK-LG,"RXT 230 (19), GTX, GTX Ltd. & Wake Pro 230 (19-20)",173.95,113.05
HT8931-2TDPSA-BLK-OR,"RXT 230 (19), GTX, GTX Ltd. & Wake Pro 230 (19-20)",173.95,113.05
HT8931-2TDPSA-BLK-PK,"RXT 230 (19), GTX, GTX Ltd. & Wake Pro 230 (19-20)",173.95,113.05
HT8931-2TDPSA-BLK-RD,"RXT 230 (19), GTX, GTX Ltd. & Wake Pro 230 (19-20)",173.95,113.05
HT8931-2TDPSA-BLK-WH,"RXT 230 (19), GTX, GTX Ltd. & Wake Pro 230 (19-20)",173.95,113.05
HT8931-2TDPSA-BLK-YL,"RXT 230 (19), GTX, GTX Ltd. & Wake Pro 230 (19-20)",173.95,113.05
HT8931-2TDPSA-BLU-BL,"RXT 230 (19), GTX, GTX Ltd. & Wake Pro 230 (19-20)",173.95,113.05
HT8931-2TDPSA-DKG-BL,"RXT 230 (19), GTX, GTX Ltd. & Wake Pro 230 (19-20)",173.95,113.05
HT8931-2TDPSA-GRA-BL,"RXT 230 (19), GTX, GTX Ltd. & Wake Pro 230 (19-20)",173.95,113.05
HT8931-2TDPSA-LG-BLK,"RXT 230 (19), GTX, GTX Ltd. & Wake Pro 230 (19-20)",173.95,113.05
HT8931-2TDPSA-RED-BL,"RXT 230 (19), GTX, GTX Ltd. & Wake Pro 230 (19-20)",173.95,113.05
HT8931-2TGPSA-BLK-BL,"RXT 230 (19), GTX, GTX Ltd. & Wake Pro 230 (19-20)",173.95,113.05
HT8931-2TGPSA-BLK-DG,"RXT 230 (19), GTX, GTX Ltd. & Wake Pro 230 (19-20)",173.95,113.05
HT8931-2TGPSA-BLK-GR,"RXT 230 (19), GTX, GTX Ltd. & Wake Pro 230 (19-20)",173.95,113.05
HT8931-2TGPSA-BLK-LG,"RXT 230 (19), GTX, GTX Ltd. & Wake Pro 230 (19-20)",173.95,113.05
HT8931-2TGPSABLK-ORA,"RXT 230 (19), GTX, GTX Ltd. & Wake Pro 230 (19-20)",173.95,113.05
HT8931-2TGPSABLK-PIN,"RXT 230 (19), GTX, GTX Ltd. & Wake Pro 230 (19-20)",173.95,113.05
HT8931-2TGPSABLK-RED,"RXT 230 (19), GTX, GTX Ltd. & Wake Pro 230 (19-20)",173.95,113.05
HT8931-2TGPSABLK-WHT,"RXT 230 (19), GTX, GTX Ltd. & Wake Pro 230 (19-20)",173.95,113.05
HT8931-2TGPSABLK-YL,"RXT 230 (19), GTX, GTX Ltd. & Wake Pro 230 (19-20)",173.95,113.05
HT8931-2TGPSA-BLU-BL,"RXT 230 (19), GTX, GTX Ltd. & Wake Pro 230 (19-20)",173.95,113.05
HT8931-2TGPSA-DKG-BL,"RXT 230 (19), GTX, GTX Ltd. & Wake Pro 230 (19-20)",173.95,113.05
HT8931-2TGPSA-GRA-BL,"RXT 230 (19), GTX, GTX Ltd. & Wake Pro 230 (19-20)",173.95,113.05
HT8931-2TGPSA-LG-BLK,"RXT 230 (19), GTX, GTX Ltd. & Wake Pro 230 (19-20)",173.95,113.05
HT8931-2TGPSA-RED-BL,"RXT 230 (19), GTX, GTX Ltd. & Wake Pro 230 (19-20)",173.95,113.05
HT8931DPSA-BLCA,"RXT 230 (19), GTX, GTX Ltd. & Wake Pro 230 (19-20)",144.95,94.2
HT8931DPSA-BLK,"RXT 230 (19), GTX, GTX Ltd. & Wake Pro 230 (19-20)",144.95,94.2
HT8931DPSA-BLMA,"RXT 230 (19), GTX, GTX Ltd. & Wake Pro 230 (19-20)",144.95,94.2
HT8931DPSA-DBlU,"RXT 230 (19), GTX, GTX Ltd. & Wake Pro 230 (19-20)",144.95,94.2
HT8931DPSA-DKGR,"RXT 230 (19), GTX, GTX Ltd. & Wake Pro 230 (19-20)",144.95,94.2
HT8931DPSA-Gray,"RXT 230 (19), GTX, GTX Ltd. & Wake Pro 230 (19-20)",144.95,94.2
HT8931DPSA-GRCA,"RXT 230 (19), GTX, GTX Ltd. & Wake Pro 230 (19-20)",144.95,94.2
HT8931DPSA-LG,"RXT 230 (19), GTX, GTX Ltd. & Wake Pro 230 (19-20)",144.95,94.2
HT8931DPSA-LGCA,"RXT 230 (19), GTX, GTX Ltd. & Wake Pro 230 (19-20)",144.95,94.2
HT8931DPSA-LTBLU,"RXT 230 (19), GTX, GTX Ltd. & Wake Pro 230 (19-20)",144.95,94.2
HT8931DPSA-ORAN,"RXT 230 (19), GTX, GTX Ltd. & Wake Pro 230 (19-20)",144.95,94.2
HT8931DPSA-PINK,"RXT 230 (19), GTX, GTX Ltd. & Wake Pro 230 (19-20)",144.95,94.2
HT8931DPSA-PLMA,"RXT 230 (19), GTX, GTX Ltd. & Wake Pro 230 (19-20)",144.95,94.2
HT8931DPSA-PRPL,"RXT 230 (19), GTX, GTX Ltd. & Wake Pro 230 (19-20)",144.95,94.2
HT8931DPSA-RBLU,"RXT 230 (19), GTX, GTX Ltd. & Wake Pro 230 (19-20)",144.95,94.2
HT8931DPSA-RDCA,"RXT 230 (19), GTX, GTX Ltd. & Wake Pro 230 (19-20)",144.95,94.2
HT8931DPSA-RED,"RXT 230 (19), GTX, GTX Ltd. & Wake Pro 230 (19-20)",144.95,94.2
HT8931DPSA-RLMA,"RXT 230 (19), GTX, GTX Ltd. & Wake Pro 230 (19-20)",144.95,94.2
HT8931DPSA-SNCA,"RXT 230 (19), GTX, GTX Ltd. & Wake Pro 230 (19-20)",144.95,94.2
HT8931DPSA-WHT,"RXT 230 (19), GTX, GTX Ltd. & Wake Pro 230 (19-20)",144.95,94.2
HT8931DPSA-Yell,"RXT 230 (19), GTX, GTX Ltd. & Wake Pro 230 (19-20)",144.95,94.2
HT8931DPSA-YLCA,"RXT 230 (19), GTX, GTX Ltd. & Wake Pro 230 (19-20)",144.95,94.2
HT8931GPSA-BLCA,"RXT 230 (19), GTX, GTX Ltd. & Wake Pro 230 (19-20)",144.95,94.2
HT8931GPSA-BLK,"RXT 230 (19), GTX, GTX Ltd. & Wake Pro 230 (19-20)",144.95,94.2
HT8931GPSA-BLMA,"RXT 230 (19), GTX, GTX Ltd. & Wake Pro 230 (19-20)",144.95,94.2
HT8931GPSA-DBlU,"RXT 230 (19), GTX, GTX Ltd. & Wake Pro 230 (19-20)",144.95,94.2
HT8931GPSA-DKGR,"RXT 230 (19), GTX, GTX Ltd. & Wake Pro 230 (19-20)",144.95,94.2
HT8931GPSA-Gray,"RXT 230 (19), GTX, GTX Ltd. & Wake Pro 230 (19-20)",144.95,94.2
HT8931GPSA-GRCA,"RXT 230 (19), GTX, GTX Ltd. & Wake Pro 230 (19-20)",144.95,94.2
HT8931GPSA-LG,"RXT 230 (19), GTX, GTX Ltd. & Wake Pro 230 (19-20)",144.95,94.2
HT8931GPSA-LGCA,"RXT 230 (19), GTX, GTX Ltd. & Wake Pro 230 (19-20)",144.95,94.2
HT8931GPSA-LTBLU,"RXT 230 (19), GTX, GTX Ltd. & Wake Pro 230 (19-20)",144.95,94.2
HT8931GPSA-ORAN,"RXT 230 (19), GTX, GTX Ltd. & Wake Pro 230 (19-20)",144.95,94.2
HT8931GPSA-PINK,"RXT 230 (19), GTX, GTX Ltd. & Wake Pro 230 (19-20)",144.95,94.2
HT8931GPSA-PLMA,"RXT 230 (19), GTX, GTX Ltd. & Wake Pro 230 (19-20)",144.95,94.2
HT8931GPSA-PRPL,"RXT 230 (19), GTX, GTX Ltd. & Wake Pro 230 (19-20)",144.95,94.2
HT8931GPSA-RBLU,"RXT 230 (19), GTX, GTX Ltd. & Wake Pro 230 (19-20)",144.95,94.2
HT8931GPSA-RDCA,"RXT 230 (19), GTX, GTX Ltd. & Wake Pro 230 (19-20)",144.95,94.2
HT8931GPSA-RED,"RXT 230 (19), GTX, GTX Ltd. & Wake Pro 230 (19-20)",144.95,94.2
HT8931GPSA-RLMA,"RXT 230 (19), GTX, GTX Ltd. & Wake Pro 230 (19-20)",144.95,94.2
HT8931GPSA-SNCA,"RXT 230 (19), GTX, GTX Ltd. & Wake Pro 230 (19-20)",144.95,94.2
HT8931GPSA-WHT,"RXT 230 (19), GTX, GTX Ltd. & Wake Pro 230 (19-20)",144.95,94.2
HT8931GPSA-Yell,"RXT 230 (19), GTX, GTX Ltd. & Wake Pro 230 (19-20)",144.95,94.2
HT8931GPSA-YLCA,"RXT 230 (19), GTX, GTX Ltd. & Wake Pro 230 (19-20)",144.95,94.2
HT8931MDPSA-BLK,"RXT 230 (19), GTX, GTX Ltd. & Wake Pro 230 (19-20)",144.95,94.2
HT8931MDPSA-DKGR,"RXT 230 (19), GTX, GTX Ltd. & Wake Pro 230 (19-20)",144.95,94.2
HT8931MDPSA-Gray,"RXT 230 (19), GTX, GTX Ltd. & Wake Pro 230 (19-20)",144.95,94.2
HT8931MDPSA-LG,"RXT 230 (19), GTX, GTX Ltd. & Wake Pro 230 (19-20)",144.95,94.2
HT8931MDPSA-RBLU,"RXT 230 (19), GTX, GTX Ltd. & Wake Pro 230 (19-20)",144.95,94.2
HT8931MDPSA-RED,"RXT 230 (19), GTX, GTX Ltd. & Wake Pro 230 (19-20)",144.95,94.2
HT8931MDPSA-WHT,"RXT 230 (19), GTX, GTX Ltd. & Wake Pro 230 (19-20)",144.95,94.2
HT893-2TDPSA-BLK-BLU,RXT 230/GTX/GTX LTD/Wake Pro 230 2018,173.95,113.05
HT893-2TDPSA-BLK-DKG,RXT 230/GTX/GTX LTD/Wake Pro 230 2018,173.95,113.05
HT893-2TDPSA-BLK-GRA,RXT 230/GTX/GTX LTD/Wake Pro 230 2018,173.95,113.05
HT893-2TDPSA-BLK-LG,RXT 230/GTX/GTX LTD/Wake Pro 230 2018,173.95,113.05
HT893-2TDPSA-BLK-ORA,RXT 230/GTX/GTX LTD/Wake Pro 230 2018,173.95,113.05
HT893-2TDPSA-BLK-PIN,RXT 230/GTX/GTX LTD/Wake Pro 230 2018,173.95,113.05
HT893-2TDPSA-BLK-RED,RXT 230/GTX/GTX LTD/Wake Pro 230 2018,173.95,113.05
HT893-2TDPSA-BLK-WHT,RXT 230/GTX/GTX LTD/Wake Pro 230 2018,173.95,113.05
HT893-2TDPSA-BLK-YL,RXT 230/GTX/GTX LTD/Wake Pro 230 2018,173.95,113.05
HT893-2TDPSA-BLU-BLK,RXT 230/GTX/GTX LTD/Wake Pro 230 2018,173.95,113.05
HT893-2TDPSA-DKG-BLK,RXT 230/GTX/GTX LTD/Wake Pro 230 2018,173.95,113.05
HT893-2TDPSA-GRA-BLK,RXT 230/GTX/GTX LTD/Wake Pro 230 2018,173.95,113.05
HT893-2TDPSA-LG-BLK,RXT 230/GTX/GTX LTD/Wake Pro 230 2018,173.95,113.05
HT893-2TDPSA-RED-BLK,RXT 230/GTX/GTX LTD/Wake Pro 230 2018,173.95,113.05
HT893-2TGPSA-BLK-BLU,RXT 230/GTX/GTX LTD/Wake Pro 230 2018,173.95,113.05
HT893-2TGPSA-BLK-DKG,RXT 230/GTX/GTX LTD/Wake Pro 230 2018,173.95,113.05
HT893-2TGPSA-BLK-GRA,RXT 230/GTX/GTX LTD/Wake Pro 230 2018,173.95,113.05
HT893-2TGPSA-BLK-LG,RXT 230/GTX/GTX LTD/Wake Pro 230 2018,173.95,113.05
HT893-2TGPSA-BLK-ORA,RXT 230/GTX/GTX LTD/Wake Pro 230 2018,173.95,113.05
HT893-2TGPSA-BLK-PIN,RXT 230/GTX/GTX LTD/Wake Pro 230 2018,173.95,113.05
HT893-2TGPSA-BLK-RED,RXT 230/GTX/GTX LTD/Wake Pro 230 2018,173.95,113.05
HT893-2TGPSA-BLK-WHT,RXT 230/GTX/GTX LTD/Wake Pro 230 2018,173.95,113.05
HT893-2TGPSA-BLK-YEL,RXT 230/GTX/GTX LTD/Wake Pro 230 2018,173.95,113.05
HT893-2TGPSA-BLU-BLK,RXT 230/GTX/GTX LTD/Wake Pro 230 2018,173.95,113.05
HT893-2TGPSA-DKG-BLK,RXT 230/GTX/GTX LTD/Wake Pro 230 2018,173.95,113.05
HT893-2TGPSA-GRA-BLK,RXT 230/GTX/GTX LTD/Wake Pro 230 2018,173.95,113.05
HT893-2TGPSA-LG-BLK,RXT 230/GTX/GTX LTD/Wake Pro 230 2018,173.95,113.05
HT893-2TGPSA-RED-BLK,RXT 230/GTX/GTX LTD/Wake Pro 230 2018,173.95,113.05
HT893DPSA-BLCA,RXT 230/GTX/GTX LTD/Wake Pro 230 2018,144.95,94.2
HT893DPSA-BLK,RXT 230/GTX/GTX LTD/Wake Pro 230 2018,144.95,94.2
HT893DPSA-BLMA,RXT 230/GTX/GTX LTD/Wake Pro 230 2018,144.95,94.2
HT893DPSA-DBlU,RXT 230/GTX/GTX LTD/Wake Pro 230 2018,144.95,94.2
HT893DPSA-DKGR,RXT 230/GTX/GTX LTD/Wake Pro 230 2018,144.95,94.2
HT893DPSA-Gray,RXT 230/GTX/GTX LTD/Wake Pro 230 2018,144.95,94.2
HT893DPSA-GRCA,RXT 230/GTX/GTX LTD/Wake Pro 230 2018,144.95,94.2
HT893DPSA-LG,RXT 230/GTX/GTX LTD/Wake Pro 230 2018,144.95,94.2
HT893DPSA-LGCA,RXT 230/GTX/GTX LTD/Wake Pro 230 2018,144.95,94.2
HT893DPSA-LTBLU,RXT 230/GTX/GTX LTD/Wake Pro 230 2018,144.95,94.2
HT893DPSA-ORAN,RXT 230/GTX/GTX LTD/Wake Pro 230 2018,144.95,94.2
HT893DPSA-PINK,RXT 230/GTX/GTX LTD/Wake Pro 230 2018,144.95,94.2
HT893DPSA-PLMA,RXT 230/GTX/GTX LTD/Wake Pro 230 2018,144.95,94.2
HT893DPSA-PRPL,RXT 230/GTX/GTX LTD/Wake Pro 230 2018,144.95,94.2
HT893DPSA-RBLU,RXT 230/GTX/GTX LTD/Wake Pro 230 2018,144.95,94.2
HT893DPSA-RDCA,RXT 230/GTX/GTX LTD/Wake Pro 230 2018,144.95,94.2
HT893DPSA-RED,RXT 230/GTX/GTX LTD/Wake Pro 230 2018,144.95,94.2
HT893DPSA-RLMA,RXT 230/GTX/GTX LTD/Wake Pro 230 2018,144.95,94.2
HT893DPSA-SNCA,RXT 230/GTX/GTX LTD/Wake Pro 230 2018,144.95,94.2
HT893DPSA-WHT,RXT 230/GTX/GTX LTD/Wake Pro 230 2018,144.95,94.2
HT893DPSA-Yell,RXT 230/GTX/GTX LTD/Wake Pro 230 2018,144.95,94.2
HT893DPSA-YLCA,RXT 230/GTX/GTX LTD/Wake Pro 230 2018,144.95,94.2
HT893GPSA-BLCA,RXT 230/GTX/GTX LTD/Wake Pro 230 2018,144.95,94.2
HT893GPSA-BLK,RXT 230/GTX/GTX LTD/Wake Pro 230 2018,144.95,94.2
HT893GPSA-BLMA,RXT 230/GTX/GTX LTD/Wake Pro 230 2018,144.95,94.2
HT893GPSA-DBlU,RXT 230/GTX/GTX LTD/Wake Pro 230 2018,144.95,94.2
HT893GPSA-DKGR,RXT 230/GTX/GTX LTD/Wake Pro 230 2018,144.95,94.2
HT893GPSA-Gray,RXT 230/GTX/GTX LTD/Wake Pro 230 2018,144.95,94.2
HT893GPSA-GRCA,RXT 230/GTX/GTX LTD/Wake Pro 230 2018,144.95,94.2
HT893GPSA-LG,RXT 230/GTX/GTX LTD/Wake Pro 230 2018,144.95,94.2
HT893GPSA-LGCA,RXT 230/GTX/GTX LTD/Wake Pro 230 2018,144.95,94.2
HT893GPSA-LTBLU,RXT 230/GTX/GTX LTD/Wake Pro 230 2018,144.95,94.2
HT893GPSA-ORAN,RXT 230/GTX/GTX LTD/Wake Pro 230 2018,144.95,94.2
HT893GPSA-PINK,RXT 230/GTX/GTX LTD/Wake Pro 230 2018,144.95,94.2
HT893GPSA-PLMA,RXT 230/GTX/GTX LTD/Wake Pro 230 2018,144.95,94.2
HT893GPSA-PRPL,RXT 230/GTX/GTX LTD/Wake Pro 230 2018,144.95,94.2
HT893GPSA-RBLU,RXT 230/GTX/GTX LTD/Wake Pro 230 2018,144.95,94.2
HT893GPSA-RDCA,RXT 230/GTX/GTX LTD/Wake Pro 230 2018,144.95,94.2
HT893GPSA-RED,RXT 230/GTX/GTX LTD/Wake Pro 230 2018,144.95,94.2
HT893GPSA-RLMA,RXT 230/GTX/GTX LTD/Wake Pro 230 2018,144.95,94.2
HT893GPSA-SNCA,RXT 230/GTX/GTX LTD/Wake Pro 230 2018,144.95,94.2
HT893GPSA-WHT,RXT 230/GTX/GTX LTD/Wake Pro 230 2018,144.95,94.2
HT893GPSA-Yell,RXT 230/GTX/GTX LTD/Wake Pro 230 2018,144.95,94.2
HT893GPSA-YLCA,RXT 230/GTX/GTX LTD/Wake Pro 230 2018,144.95,94.2
HT893MDPSA-BLK,RXT 230/GTX/GTX LTD/Wake Pro 230 2018,144.95,94.2
HT893MDPSA-DKGR,RXT 230/GTX/GTX LTD/Wake Pro 230 2018,144.95,94.2
HT893MDPSA-Gray,RXT 230/GTX/GTX LTD/Wake Pro 230 2018,144.95,94.2
HT893MDPSA-LG,RXT 230/GTX/GTX LTD/Wake Pro 230 2018,144.95,94.2
HT893MDPSA-RBLU,RXT 230/GTX/GTX LTD/Wake Pro 230 2018,144.95,94.2
HT893MDPSA-RED,RXT 230/GTX/GTX LTD/Wake Pro 230 2018,144.95,94.2
HT893MDPSA-WHT,RXT 230/GTX/GTX LTD/Wake Pro 230 2018,144.95,94.2
HT8941-2TDPSA-BLK-BL,RXT-X 300 (19-20),173.95,113.05
HT8941-2TDPSA-BLK-GR,RXT-X 300 (19-20),173.95,113.05
HT8941-2TDPSA-BLK-OR,RXT-X 300 (19-20),173.95,113.05
HT8941-2TDPSA-BLK-PK,RXT-X 300 (19-20),173.95,113.05
HT8941-2TDPSA-BLK-RE,RXT-X 300 (19-20),173.95,113.05
HT8941-2TDPSA-BLK-WH,RXT-X 300 (19-20),173.95,113.05
HT8941-2TDPSA-BLK-YL,RXT-X 300 (19-20),173.95,113.05
HT8941-2TDPSA-BLU-BL,RXT-X 300 (19-20),173.95,113.05
HT8941-2TDPSA-DKG-BL,RXT-X 300 (19-20),173.95,113.05
HT8941-2TDPSA-GRA-BL,RXT-X 300 (19-20),173.95,113.05
HT8941-2TDPSA-LG-BLK,RXT-X 300 (19-20),173.95,113.05
HT8941-2TDPSA-RED-BL,RXT-X 300 (19-20),173.95,113.05
HT8941-2TGPSA-BLK-BL,RXT-X 300 (19-20),173.95,113.05
HT8941-2TGPSA-BLK-DG,RXT-X 300 (19-20),173.95,113.05
HT8941-2TGPSA-BLK-GR,RXT-X 300 (19-20),173.95,113.05
HT8941-2TGPSA-BLK-LG,RXT-X 300 (19-20),173.95,113.05
HT8941-2TGPSA-BLK-OR,RXT-X 300 (19-20),173.95,113.05
HT8941-2TGPSA-BLK-PI,RXT-X 300 (19-20),173.95,113.05
HT8941-2TGPSA-BLK-RE,RXT-X 300 (19-20),173.95,113.05
HT8941-2TGPSA-BLK-WH,RXT-X 300 (19-20),173.95,113.05
HT8941-2TGPSA-BLK-YL,RXT-X 300 (19-20),173.95,113.05
HT8941-2TGPSA-BLU-BL,RXT-X 300 (19-20),173.95,113.05
HT8941-2TGPSA-DKG-BL,RXT-X 300 (19-20),173.95,113.05
HT8941-2TGPSA-GRA-BL,RXT-X 300 (19-20),173.95,113.05
HT8941-2TGPSA-LG-BLK,RXT-X 300 (19-20),173.95,113.05
HT8941-2TGPSA-RED-BL,RXT-X 300 (19-20),173.95,113.05
HT8941DPSA-BLCA,RXT-X 300 (19-20),144.95,94.2
HT8941DPSA-BLK,RXT-X 300 (19-20),144.95,94.2
HT8941DPSA-BLMA,RXT-X 300 (19-20),144.95,94.2
HT8941DPSA-DBlU,RXT-X 300 (19-20),144.95,94.2
HT8941DPSA-DKGR,RXT-X 300 (19-20),144.95,94.2
HT8941DPSA-Gray,RXT-X 300 (19-20),144.95,94.2
HT8941DPSA-GRCA,RXT-X 300 (19-20),144.95,94.2
HT8941DPSA-LG,RXT-X 300 (19-20),144.95,94.2
HT8941DPSA-LGCA,RXT-X 300 (19-20),144.95,94.2
HT8941DPSA-LTBLU,RXT-X 300 (19-20),144.95,94.2
HT8941DPSA-ORAN,RXT-X 300 (19-20),144.95,94.2
HT8941DPSA-PINK,RXT-X 300 (19-20),144.95,94.2
HT8941DPSA-PLMA,RXT-X 300 (19-20),144.95,94.2
HT8941DPSA-PRPL,RXT-X 300 (19-20),144.95,94.2
HT8941DPSA-RBLU,RXT-X 300 (19-20),144.95,94.2
HT8941DPSA-RDCA,RXT-X 300 (19-20),144.95,94.2
HT8941DPSA-RED,RXT-X 300 (19-20),144.95,94.2
HT8941DPSA-RLMA,RXT-X 300 (19-20),144.95,94.2
HT8941DPSA-SNCA,RXT-X 300 (19-20),144.95,94.2
HT8941DPSA-WHT,RXT-X 300 (19-20),144.95,94.2
HT8941DPSA-Yell,RXT-X 300 (19-20),144.95,94.2
HT8941DPSA-YLCA,RXT-X 300 (19-20),144.95,94.2
HT8941GPSA-BLCA,RXT-X 300 (19-20),144.95,94.2
HT8941GPSA-BLK,RXT-X 300 (19-20),144.95,94.2
HT8941GPSA-BLMA,RXT-X 300 (19-20),144.95,94.2
HT8941GPSA-DBlU,RXT-X 300 (19-20),144.95,94.2
HT8941GPSA-DKGR,RXT-X 300 (19-20),144.95,94.2
HT8941GPSA-Gray,RXT-X 300 (19-20),144.95,94.2
HT8941GPSA-GRCA,RXT-X 300 (19-20),144.95,94.2
HT8941GPSA-LG,RXT-X 300 (19-20),144.95,94.2
HT8941GPSA-LGCA,RXT-X 300 (19-20),144.95,94.2
HT8941GPSA-LTBLU,RXT-X 300 (19-20),144.95,94.2
HT8941GPSA-ORAN,RXT-X 300 (19-20),144.95,94.2
HT8941GPSA-PINK,RXT-X 300 (19-20),144.95,94.2
HT8941GPSA-PLMA,RXT-X 300 (19-20),144.95,94.2
HT8941GPSA-PRPL,RXT-X 300 (19-20),144.95,94.2
HT8941GPSA-RBLU,RXT-X 300 (19-20),144.95,94.2
HT8941GPSA-RDCA,RXT-X 300 (19-20),144.95,94.2
HT8941GPSA-RED,RXT-X 300 (19-20),144.95,94.2
HT8941GPSA-RLMA,RXT-X 300 (19-20),144.95,94.2
HT8941GPSA-SNCA,RXT-X 300 (19-20),144.95,94.2
HT8941GPSA-WHT,RXT-X 300 (19-20),144.95,94.2
HT8941GPSA-Yell,RXT-X 300 (19-20),144.95,94.2
HT8941GPSA-YLCA,RXT-X 300 (19-20),144.95,94.2
HT894-2TDPSA-BLK-BLU,RXT-X 300 (18),173.95,113.05
HT894-2TDPSA-BLK-DKG,RXT-X 300 (18),173.95,113.05
HT894-2TDPSA-BLK-GRA,RXT-X 300 (18),173.95,113.05
HT894-2TDPSA-BLK-LG,RXT-X 300 (18),173.95,113.05
HT894-2TDPSA-BLK-ORA,RXT-X 300 (18),173.95,113.05
HT894-2TDPSA-BLK-PIN,RXT-X 300 (18),173.95,113.05
HT894-2TDPSA-BLK-RED,RXT-X 300 (18),173.95,113.05
HT894-2TDPSA-BLK-WHT,RXT-X 300 (18),173.95,113.05
HT894-2TDPSA-BLK-YL,RXT-X 300 (18),173.95,113.05
HT894-2TDPSA-BLU-BLK,RXT-X 300 (18),173.95,113.05
HT894-2TDPSA-DKG-BLK,RXT-X 300 (18),173.95,113.05
HT894-2TDPSA-GRA-BLK,RXT-X 300 (18),173.95,113.05
HT894-2TDPSA-LG-BLK,RXT-X 300 (18),173.95,113.05
HT894-2TDPSA-RED-BLK,RXT-X 300 (18),173.95,113.05
HT894-2TGPSA-BLK-BLU,RXT-X 300 (18),173.95,113.05
HT894-2TGPSA-BLK-DKG,RXT-X 300 (18),173.95,113.05
HT894-2TGPSA-BLK-GRA,RXT-X 300 (18),173.95,113.05
HT894-2TGPSA-BLK-LG,RXT-X 300 (18),173.95,113.05
HT894-2TGPSA-BLK-ORA,RXT-X 300 (18),173.95,113.05
HT894-2TGPSA-BLK-PIN,RXT-X 300 (18),173.95,113.05
HT894-2TGPSA-BLK-RED,RXT-X 300 (18),173.95,113.05
HT894-2TGPSA-BLK-WHT,RXT-X 300 (18),173.95,113.05
HT894-2TGPSA-BLK-YEL,RXT-X 300 (18),173.95,113.05
HT894-2TGPSA-BLU-BLK,RXT-X 300 (18),173.95,113.05
HT894-2TGPSA-DKG-BLK,RXT-X 300 (18),173.95,113.05
HT894-2TGPSA-GRA-BLK,RXT-X 300 (18),173.95,113.05
HT894-2TGPSA-LG-BLK,RXT-X 300 (18),173.95,113.05
HT894-2TGPSA-RED-BLK,RXT-X 300 (18),173.95,113.05
HT894DPSA-BLCA,RXT-X 300 (18),144.95,94.2
HT894DPSA-BLK,RXT-X 300 (18),144.95,94.2
HT894DPSA-BLMA,RXT-X 300 (18),144.95,94.2
HT894DPSA-DBlU,RXT-X 300 (18),144.95,94.2
HT894DPSA-DKGR,RXT-X 300 (18),144.95,94.2
HT894DPSA-Gray,RXT-X 300 (18),144.95,94.2
HT894DPSA-GRCA,RXT-X 300 (18),144.95,94.2
HT894DPSA-LG,RXT-X 300 (18),144.95,94.2
HT894DPSA-LGCA,RXT-X 300 (18),144.95,94.2
HT894DPSA-LTBLU,RXT-X 300 (18),144.95,94.2
HT894DPSA-ORAN,RXT-X 300 (18),144.95,94.2
HT894DPSA-PINK,RXT-X 300 (18),144.95,94.2
HT894DPSA-PLMA,RXT-X 300 (18),144.95,94.2
HT894DPSA-PRPL,RXT-X 300 (18),144.95,94.2
HT894DPSA-RBLU,RXT-X 300 (18),144.95,94.2
HT894DPSA-RDCA,RXT-X 300 (18),144.95,94.2
HT894DPSA-RED,RXT-X 300 (18),144.95,94.2
HT894DPSA-RLMA,RXT-X 300 (18),144.95,94.2
HT894DPSA-SNCA,RXT-X 300 (18),144.95,94.2
HT894DPSA-WHT,RXT-X 300 (18),144.95,94.2
HT894DPSA-Yell,RXT-X 300 (18),144.95,94.2
HT894DPSA-YLCA,RXT-X 300 (18),144.95,94.2
HT894GPSA-BLCA,RXT-X 300 (18),144.95,94.2
HT894GPSA-BLK,RXT-X 300 (18),144.95,94.2
HT894GPSA-BLMA,RXT-X 300 (18),144.95,94.2
HT894GPSA-DBlU,RXT-X 300 (18),144.95,94.2
HT894GPSA-DKGR,RXT-X 300 (18),144.95,94.2
HT894GPSA-Gray,RXT-X 300 (18),144.95,94.2
HT894GPSA-GRCA,RXT-X 300 (18),144.95,94.2
HT894GPSA-LG,RXT-X 300 (18),144.95,94.2
HT894GPSA-LGCA,RXT-X 300 (18),144.95,94.2
HT894GPSA-LTBLU,RXT-X 300 (18),144.95,94.2
HT894GPSA-ORAN,RXT-X 300 (18),144.95,94.2
HT894GPSA-PINK,RXT-X 300 (18),144.95,94.2
HT894GPSA-PLMA,RXT-X 300 (18),144.95,94.2
HT894GPSA-PRPL,RXT-X 300 (18),144.95,94.2
HT894GPSA-RBLU,RXT-X 300 (18),144.95,94.2
HT894GPSA-RDCA,RXT-X 300 (18),144.95,94.2
HT894GPSA-RED,RXT-X 300 (18),144.95,94.2
HT894GPSA-RLMA,RXT-X 300 (18),144.95,94.2
HT894GPSA-SNCA,RXT-X 300 (18),144.95,94.2
HT894GPSA-WHT,RXT-X 300 (18),144.95,94.2
HT894GPSA-Yell,RXT-X 300 (18),144.95,94.2
HT894GPSA-YLCA,RXT-X 300 (18),144.95,94.2
HT89DPSA-BLCA,RXP (Pre 06),131.95,85.75
HT89DPSA-BLK,RXP (Pre 06),131.95,85.75
HT89DPSA-BLMA,RXP (Pre 06),131.95,85.75
HT89DPSA-DBlU,RXP (Pre 06),131.95,85.75
HT89DPSA-DKGR,RXP (Pre 06),131.95,85.75
HT89DPSA-Gray,RXP (Pre 06),131.95,85.75
HT89DPSA-GRCA,RXP (Pre 06),131.95,85.75
HT89DPSA-LG,RXP (Pre 06),131.95,85.75
HT89DPSA-LGCA,RXP (Pre 06),131.95,85.75
HT89DPSA-LTBLU,RXP (Pre 06),131.95,85.75
HT89DPSA-ORAN,RXP (Pre 06),131.95,85.75
HT89DPSA-PINK,RXP (Pre 06),131.95,85.75
HT89DPSA-PLMA,RXP (Pre 06),131.95,85.75
HT89DPSA-PRPL,RXP (Pre 06),131.95,85.75
HT89DPSA-RBLU,RXP (Pre 06),131.95,85.75
HT89DPSA-RDCA,RXP (Pre 06),131.95,85.75
HT89DPSA-RED,RXP (Pre 06),131.95,85.75
HT89DPSA-RLMA,RXP (Pre 06),131.95,85.75
HT89DPSA-SNCA,RXP (Pre 06),131.95,85.75
HT89DPSA-WHT,RXP (Pre 06),131.95,85.75
HT89DPSA-Yell,RXP (Pre 06),131.95,85.75
HT89DPSA-YLCA,RXP (Pre 06),131.95,85.75
HT89GPSA-BLCA,RXP (Pre 06),131.95,85.75
HT89GPSA-BLK,RXP (Pre 06),131.95,85.75
HT89GPSA-BLMA,RXP (Pre 06),131.95,85.75
HT89GPSA-DBlU,RXP (Pre 06),131.95,85.75
HT89GPSA-DKGR,RXP (Pre 06),131.95,85.75
HT89GPSA-Gray,RXP (Pre 06),131.95,85.75
HT89GPSA-GRCA,RXP (Pre 06),131.95,85.75
HT89GPSA-LG,RXP (Pre 06),131.95,85.75
HT89GPSA-LGCA,RXP (Pre 06),131.95,85.75
HT89GPSA-LTBLU,RXP (Pre 06),131.95,85.75
HT89GPSA-ORAN,RXP (Pre 06),131.95,85.75
HT89GPSA-PINK,RXP (Pre 06),131.95,85.75
HT89GPSA-PLMA,RXP (Pre 06),131.95,85.75
HT89GPSA-PRPL,RXP (Pre 06),131.95,85.75
HT89GPSA-RBLU,RXP (Pre 06),131.95,85.75
HT89GPSA-RDCA,RXP (Pre 06),131.95,85.75
HT89GPSA-RED,RXP (Pre 06),131.95,85.75
HT89GPSA-RLMA,RXP (Pre 06),131.95,85.75
HT89GPSA-SNCA,RXP (Pre 06),131.95,85.75
HT89GPSA-WHT,RXP (Pre 06),131.95,85.75
HT89GPSA-Yell,RXP (Pre 06),131.95,85.75
HT89GPSA-YLCA,RXP (Pre 06),131.95,85.75
HT89MDPSA-BLK,RXP (Pre 06),131.95,85.75
HT89MDPSA-DKGR,RXP (Pre 06),131.95,85.75
HT89MDPSA-Gray,RXP (Pre 06),131.95,85.75
HT89MDPSA-LG,RXP (Pre 06),131.95,85.75
HT89MDPSA-RBLU,RXP (Pre 06),131.95,85.75
HT89MDPSA-RED,RXP (Pre 06),131.95,85.75
HT89MDPSA-WHT,RXP (Pre 06),131.95,85.75
HT90-2TDPSA-BLK-BLU,SL / SLX (Pre 99) / Pro 785 (99-01),158.95,103.3
HT90-2TDPSA-BLK-DKGR,SL / SLX (Pre 99) / Pro 785 (99-01),158.95,103.3
HT90-2TDPSA-BLK-GRA,SL / SLX (Pre 99) / Pro 785 (99-01),158.95,103.3
HT90-2TDPSA-BLK-LG,SL / SLX (Pre 99) / Pro 785 (99-01),158.95,103.3
HT90-2TDPSA-BLK-ORAN,SL / SLX (Pre 99) / Pro 785 (99-01),158.95,103.3
HT90-2TDPSA-BLK-PINK,SL / SLX (Pre 99) / Pro 785 (99-01),158.95,103.3
HT90-2TDPSA-BLK-RED,SL / SLX (Pre 99) / Pro 785 (99-01),158.95,103.3
HT90-2TDPSA-BLK-WHT,SL / SLX (Pre 99) / Pro 785 (99-01),158.95,103.3
HT90-2TDPSA-BLK-YELL,SL / SLX (Pre 99) / Pro 785 (99-01),158.95,103.3
HT90-2TDPSA-BLU-BLK,SL / SLX (Pre 99) / Pro 785 (99-01),158.95,103.3
HT90-2TDPSA-DKG-BLK,SL / SLX (Pre 99) / Pro 785 (99-01),158.95,103.3
HT90-2TDPSA-GRA-BLK,SL / SLX (Pre 99) / Pro 785 (99-01),158.95,103.3
HT90-2TDPSA-LG-BLK,SL / SLX (Pre 99) / Pro 785 (99-01),158.95,103.3
HT90-2TDPSA-RED-BLK,SL / SLX (Pre 99) / Pro 785 (99-01),158.95,103.3
HT90-2TGPSA-BLK-BLU,SL / SLX (Pre 99) / Pro 785 (99-01),158.95,103.3
HT90-2TGPSA-BLK-DKGR,SL / SLX (Pre 99) / Pro 785 (99-01),158.95,103.3
HT90-2TGPSA-BLK-GRA,SL / SLX (Pre 99) / Pro 785 (99-01),158.95,103.3
HT90-2TGPSA-BLK-LG,SL / SLX (Pre 99) / Pro 785 (99-01),158.95,103.3
HT90-2TGPSA-BLK-ORAN,SL / SLX (Pre 99) / Pro 785 (99-01),158.95,103.3
HT90-2TGPSA-BLK-PINK,SL / SLX (Pre 99) / Pro 785 (99-01),158.95,103.3
HT90-2TGPSA-BLK-RED,SL / SLX (Pre 99) / Pro 785 (99-01),158.95,103.3
HT90-2TGPSA-BLK-WHT,SL / SLX (Pre 99) / Pro 785 (99-01),158.95,103.3
HT90-2TGPSA-BLK-YELL,SL / SLX (Pre 99) / Pro 785 (99-01),158.95,103.3
HT90-2TGPSA-BLU-BLK,SL / SLX (Pre 99) / Pro 785 (99-01),158.95,103.3
HT90-2TGPSA-DKG-BLK,SL / SLX (Pre 99) / Pro 785 (99-01),158.95,103.3
HT90-2TGPSA-GRA-BLK,SL / SLX (Pre 99) / Pro 785 (99-01),158.95,103.3
HT90-2TGPSA-LG-BLK,SL / SLX (Pre 99) / Pro 785 (99-01),158.95,103.3
HT90-2TGPSA-RED-BLK,SL / SLX (Pre 99) / Pro 785 (99-01),158.95,103.3
HT90DPSA-BLCA,SL / SLX (Pre 99) / Pro 785 (99-01),131.95,85.75
HT90DPSA-BLK,SL / SLX (Pre 99) / Pro 785 (99-01),131.95,85.75
HT90DPSA-BLMA,SL / SLX (Pre 99) / Pro 785 (99-01),131.95,85.75
HT90DPSA-DBlU,SL / SLX (Pre 99) / Pro 785 (99-01),131.95,85.75
HT90DPSA-DKGR,SL / SLX (Pre 99) / Pro 785 (99-01),131.95,85.75
HT90DPSA-Gray,SL / SLX (Pre 99) / Pro 785 (99-01),131.95,85.75
HT90DPSA-GRCA,SL / SLX (Pre 99) / Pro 785 (99-01),131.95,85.75
HT90DPSA-LG,SL / SLX (Pre 99) / Pro 785 (99-01),131.95,85.75
HT90DPSA-LGCA,SL / SLX (Pre 99) / Pro 785 (99-01),131.95,85.75
HT90DPSA-LTBLU,SL / SLX (Pre 99) / Pro 785 (99-01),131.95,85.75
HT90DPSA-ORAN,SL / SLX (Pre 99) / Pro 785 (99-01),131.95,85.75
HT90DPSA-PINK,SL / SLX (Pre 99) / Pro 785 (99-01),131.95,85.75
HT90DPSA-PLMA,SL / SLX (Pre 99) / Pro 785 (99-01),131.95,85.75
HT90DPSA-PRPL,SL / SLX (Pre 99) / Pro 785 (99-01),131.95,85.75
HT90DPSA-RBLU,SL / SLX (Pre 99) / Pro 785 (99-01),131.95,85.75
HT90DPSA-RDCA,SL / SLX (Pre 99) / Pro 785 (99-01),131.95,85.75
HT90DPSA-RED,SL / SLX (Pre 99) / Pro 785 (99-01),131.95,85.75
HT90DPSA-RLMA,SL / SLX (Pre 99) / Pro 785 (99-01),131.95,85.75
HT90DPSA-SNCA,SL / SLX (Pre 99) / Pro 785 (99-01),131.95,85.75
HT90DPSA-WHT,SL / SLX (Pre 99) / Pro 785 (99-01),131.95,85.75
HT90DPSA-Yell,SL / SLX (Pre 99) / Pro 785 (99-01),131.95,85.75
HT90DPSA-YLCA,SL / SLX (Pre 99) / Pro 785 (99-01),131.95,85.75
HT90GPSA-BLCA,SL / SLX (Pre 99) / Pro 785 (99-01),131.95,85.75
HT90GPSA-BLK,SL / SLX (Pre 99) / Pro 785 (99-01),131.95,85.75
HT90GPSA-BLMA,SL / SLX (Pre 99) / Pro 785 (99-01),131.95,85.75
HT90GPSA-DBlU,SL / SLX (Pre 99) / Pro 785 (99-01),131.95,85.75
HT90GPSA-DKGR,SL / SLX (Pre 99) / Pro 785 (99-01),131.95,85.75
HT90GPSA-Gray,SL / SLX (Pre 99) / Pro 785 (99-01),131.95,85.75
HT90GPSA-GRCA,SL / SLX (Pre 99) / Pro 785 (99-01),131.95,85.75
HT90GPSA-LG,SL / SLX (Pre 99) / Pro 785 (99-01),131.95,85.75
HT90GPSA-LGCA,SL / SLX (Pre 99) / Pro 785 (99-01),131.95,85.75
HT90GPSA-LTBLU,SL / SLX (Pre 99) / Pro 785 (99-01),131.95,85.75
HT90GPSA-ORAN,SL / SLX (Pre 99) / Pro 785 (99-01),131.95,85.75
HT90GPSA-PINK,SL / SLX (Pre 99) / Pro 785 (99-01),131.95,85.75
HT90GPSA-PLMA,SL / SLX (Pre 99) / Pro 785 (99-01),131.95,85.75
HT90GPSA-PRPL,SL / SLX (Pre 99) / Pro 785 (99-01),131.95,85.75
HT90GPSA-RBLU,SL / SLX (Pre 99) / Pro 785 (99-01),131.95,85.75
HT90GPSA-RDCA,SL / SLX (Pre 99) / Pro 785 (99-01),131.95,85.75
HT90GPSA-RED,SL / SLX (Pre 99) / Pro 785 (99-01),131.95,85.75
HT90GPSA-RLMA,SL / SLX (Pre 99) / Pro 785 (99-01),131.95,85.75
HT90GPSA-SNCA,SL / SLX (Pre 99) / Pro 785 (99-01),131.95,85.75
HT90GPSA-WHT,SL / SLX (Pre 99) / Pro 785 (99-01),131.95,85.75
HT90GPSA-Yell,SL / SLX (Pre 99) / Pro 785 (99-01),131.95,85.75
HT90GPSA-YLCA,SL / SLX (Pre 99) / Pro 785 (99-01),131.95,85.75
HT90MDPSA-BLK,SL / SLX (Pre 99) / Pro 785 (99-01),131.95,85.75
HT90MDPSA-DKGR,SL / SLX (Pre 99) / Pro 785 (99-01),131.95,85.75
HT90MDPSA-Gray,SL / SLX (Pre 99) / Pro 785 (99-01),131.95,85.75
HT90MDPSA-LG,SL / SLX (Pre 99) / Pro 785 (99-01),131.95,85.75
HT90MDPSA-RBLU,SL / SLX (Pre 99) / Pro 785 (99-01),131.95,85.75
HT90MDPSA-RED,SL / SLX (Pre 99) / Pro 785 (99-01),131.95,85.75
HT90MDPSA-WHT,SL / SLX (Pre 99) / Pro 785 (99-01),131.95,85.75
HT91-2TDPSA-BLK-BLU,Hurricane,173.95,113.05
HT91-2TDPSA-BLK-DKGR,Hurricane,173.95,113.05
HT91-2TDPSA-BLK-GRA,Hurricane,173.95,113.05
HT91-2TDPSA-BLK-LG,Hurricane,173.95,113.05
HT91-2TDPSA-BLK-ORAN,Hurricane,173.95,113.05
HT91-2TDPSA-BLK-PINK,Hurricane,173.95,113.05
HT91-2TDPSA-BLK-RED,Hurricane,173.95,113.05
HT91-2TDPSA-BLK-WHT,Hurricane,173.95,113.05
HT91-2TDPSA-BLK-YELL,Hurricane,173.95,113.05
HT91-2TDPSA-BLU-BLK,Hurricane,173.95,113.05
HT91-2TDPSA-DKG-BLK,Hurricane,173.95,113.05
HT91-2TDPSA-GRA-BLK,Hurricane,173.95,113.05
HT91-2TDPSA-LG-BLK,Hurricane,173.95,113.05
HT91-2TDPSA-RED-BLK,Hurricane,173.95,113.05
HT91-2TGPSA-BLK-BLU,Hurricane,173.95,113.05
HT91-2TGPSA-BLK-DKGR,Hurricane,173.95,113.05
HT91-2TGPSA-BLK-GRA,Hurricane,173.95,113.05
HT91-2TGPSA-BLK-LG,Hurricane,173.95,113.05
HT91-2TGPSA-BLK-ORAN,Hurricane,173.95,113.05
HT91-2TGPSA-BLK-PINK,Hurricane,173.95,113.05
HT91-2TGPSA-BLK-RED,Hurricane,173.95,113.05
HT91-2TGPSA-BLK-WHT,Hurricane,173.95,113.05
HT91-2TGPSA-BLK-YELL,Hurricane,173.95,113.05
HT91-2TGPSA-BLU-BLK,Hurricane,173.95,113.05
HT91-2TGPSA-DKG-BLK,Hurricane,173.95,113.05
HT91-2TGPSA-GRA-BLK,Hurricane,173.95,113.05
HT91-2TGPSA-LG-BLK,Hurricane,173.95,113.05
HT91-2TGPSA-RED-BLK,Hurricane,173.95,113.05
HT91DPSA-BLCA,Hurricane,144.95,94.2
HT91DPSA-BLK,Hurricane,144.95,94.2
HT91DPSA-BLMA,Hurricane,144.95,94.2
HT91DPSA-DBlU,Hurricane,144.95,94.2
HT91DPSA-DKGR,Hurricane,144.95,94.2
HT91DPSA-Gray,Hurricane,144.95,94.2
HT91DPSA-GRCA,Hurricane,144.95,94.2
HT91DPSA-LG,Hurricane,144.95,94.2
HT91DPSA-LGCA,Hurricane,144.95,94.2
HT91DPSA-LTBLU,Hurricane,144.95,94.2
HT91DPSA-ORAN,Hurricane,144.95,94.2
HT91DPSA-PINK,Hurricane,144.95,94.2
HT91DPSA-PLMA,Hurricane,144.95,94.2
HT91DPSA-PRPL,Hurricane,144.95,94.2
HT91DPSA-RBLU,Hurricane,144.95,94.2
HT91DPSA-RDCA,Hurricane,144.95,94.2
HT91DPSA-RED,Hurricane,144.95,94.2
HT91DPSA-RLMA,Hurricane,144.95,94.2
HT91DPSA-SNCA,Hurricane,144.95,94.2
HT91DPSA-WHT,Hurricane,144.95,94.2
HT91DPSA-Yell,Hurricane,144.95,94.2
HT91DPSA-YLCA,Hurricane,144.95,94.2
HT91GPSA-BLCA,Hurricane,144.95,94.2
HT91GPSA-BLK,Hurricane,144.95,94.2
HT91GPSA-BLMA,Hurricane,144.95,94.2
HT91GPSA-DBlU,Hurricane,144.95,94.2
HT91GPSA-DKGR,Hurricane,144.95,94.2
HT91GPSA-Gray,Hurricane,144.95,94.2
HT91GPSA-GRCA,Hurricane,144.95,94.2
HT91GPSA-LG,Hurricane,144.95,94.2
HT91GPSA-LGCA,Hurricane,144.95,94.2
HT91GPSA-LTBLU,Hurricane,144.95,94.2
HT91GPSA-ORAN,Hurricane,144.95,94.2
HT91GPSA-PINK,Hurricane,144.95,94.2
HT91GPSA-PLMA,Hurricane,144.95,94.2
HT91GPSA-PRPL,Hurricane,144.95,94.2
HT91GPSA-RBLU,Hurricane,144.95,94.2
HT91GPSA-RDCA,Hurricane,144.95,94.2
HT91GPSA-RED,Hurricane,144.95,94.2
HT91GPSA-RLMA,Hurricane,144.95,94.2
HT91GPSA-SNCA,Hurricane,144.95,94.2
HT91GPSA-WHT,Hurricane,144.95,94.2
HT91GPSA-Yell,Hurricane,144.95,94.2
HT91GPSA-YLCA,Hurricane,144.95,94.2
HT91MDPSA-BLK,Hurricane,144.95,94.2
HT91MDPSA-DKGR,Hurricane,144.95,94.2
HT91MDPSA-Gray,Hurricane,144.95,94.2
HT91MDPSA-LG,Hurricane,144.95,94.2
HT91MDPSA-RBLU,Hurricane,144.95,94.2
HT91MDPSA-RED,Hurricane,144.95,94.2
HT91MDPSA-WHT,Hurricane,144.95,94.2
HT921-2TDPSA-BLK-BLU,SLH / SLX / Pro 1200 (00-01),158.95,103.3
HT921-2TDPSA-BLK-DKG,SLH / SLX / Pro 1200 (00-01),158.95,103.3
HT921-2TDPSA-BLK-GRA,SLH / SLX / Pro 1200 (00-01),158.95,103.3
HT921-2TDPSA-BLK-LG,SLH / SLX / Pro 1200 (00-01),158.95,103.3
HT921-2TDPSA-BLK-ORA,SLH / SLX / Pro 1200 (00-01),158.95,103.3
HT921-2TDPSA-BLK-PIN,SLH / SLX / Pro 1200 (00-01),158.95,103.3
HT921-2TDPSA-BLK-RED,SLH / SLX / Pro 1200 (00-01),158.95,103.3
HT921-2TDPSA-BLK-WHT,SLH / SLX / Pro 1200 (00-01),158.95,103.3
HT921-2TDPSA-BLK-YL,SLH / SLX / Pro 1200 (00-01),158.95,103.3
HT921-2TDPSA-BLU-BLK,SLH / SLX / Pro 1200 (00-01),158.95,103.3
HT921-2TDPSA-DKG-BLK,SLH / SLX / Pro 1200 (00-01),158.95,103.3
HT921-2TDPSA-GRA-BLK,SLH / SLX / Pro 1200 (00-01),158.95,103.3
HT921-2TDPSA-LG-BLK,SLH / SLX / Pro 1200 (00-01),158.95,103.3
HT921-2TDPSA-RED-BLK,SLH / SLX / Pro 1200 (00-01),158.95,103.3
HT921-2TGPSA-BLK-BLU,SLH / SLX / Pro 1200 (00-01),158.95,103.3
HT921-2TGPSA-BLK-DKG,SLH / SLX / Pro 1200 (00-01),158.95,103.3
HT921-2TGPSA-BLK-GRA,SLH / SLX / Pro 1200 (00-01),158.95,103.3
HT921-2TGPSA-BLK-LG,SLH / SLX / Pro 1200 (00-01),158.95,103.3
HT921-2TGPSA-BLK-ORA,SLH / SLX / Pro 1200 (00-01),158.95,103.3
HT921-2TGPSA-BLK-PIN,SLH / SLX / Pro 1200 (00-01),158.95,103.3
HT921-2TGPSA-BLK-RED,SLH / SLX / Pro 1200 (00-01),158.95,103.3
HT921-2TGPSA-BLK-WHT,SLH / SLX / Pro 1200 (00-01),158.95,103.3
HT921-2TGPSA-BLK-YL,SLH / SLX / Pro 1200 (00-01),158.95,103.3
HT921-2TGPSA-BLU-BLK,SLH / SLX / Pro 1200 (00-01),158.95,103.3
HT921-2TGPSA-DKG-BLK,SLH / SLX / Pro 1200 (00-01),158.95,103.3
HT921-2TGPSA-GRA-BLK,SLH / SLX / Pro 1200 (00-01),158.95,103.3
HT921-2TGPSA-LG-BLK,SLH / SLX / Pro 1200 (00-01),158.95,103.3
HT921-2TGPSA-RED-BLK,SLH / SLX / Pro 1200 (00-01),158.95,103.3
HT921DPSA-BLCA,SLH / SLX / Pro 1200 (00-01),131.95,85.75
HT921DPSA-BLK,SLH / SLX / Pro 1200 (00-01),131.95,85.75
HT921DPSA-BLMA,SLH / SLX / Pro 1200 (00-01),131.95,85.75
HT921DPSA-DBlU,SLH / SLX / Pro 1200 (00-01),131.95,85.75
HT921DPSA-DKGR,SLH / SLX / Pro 1200 (00-01),131.95,85.75
HT921DPSA-Gray,SLH / SLX / Pro 1200 (00-01),131.95,85.75
HT921DPSA-GRCA,SLH / SLX / Pro 1200 (00-01),131.95,85.75
HT921DPSA-LG,SLH / SLX / Pro 1200 (00-01),131.95,85.75
HT921DPSA-LGCA,SLH / SLX / Pro 1200 (00-01),131.95,85.75
HT921DPSA-LTBLU,SLH / SLX / Pro 1200 (00-01),131.95,85.75
HT921DPSA-ORAN,SLH / SLX / Pro 1200 (00-01),131.95,85.75
HT921DPSA-PINK,SLH / SLX / Pro 1200 (00-01),131.95,85.75
HT921DPSA-PLMA,SLH / SLX / Pro 1200 (00-01),131.95,85.75
HT921DPSA-PRPL,SLH / SLX / Pro 1200 (00-01),131.95,85.75
HT921DPSA-RBLU,SLH / SLX / Pro 1200 (00-01),131.95,85.75
HT921DPSA-RDCA,SLH / SLX / Pro 1200 (00-01),131.95,85.75
HT921DPSA-RED,SLH / SLX / Pro 1200 (00-01),131.95,85.75
HT921DPSA-RLMA,SLH / SLX / Pro 1200 (00-01),131.95,85.75
HT921DPSA-SNCA,SLH / SLX / Pro 1200 (00-01),131.95,85.75
HT921DPSA-WHT,SLH / SLX / Pro 1200 (00-01),131.95,85.75
HT921DPSA-Yell,SLH / SLX / Pro 1200 (00-01),131.95,85.75
HT921DPSA-YLCA,SLH / SLX / Pro 1200 (00-01),131.95,85.75
HT921GPSA-BLCA,SLH / SLX / Pro 1200 (00-01),131.95,85.75
HT921GPSA-BLK,SLH / SLX / Pro 1200 (00-01),131.95,85.75
HT921GPSA-BLMA,SLH / SLX / Pro 1200 (00-01),131.95,85.75
HT921GPSA-DBlU,SLH / SLX / Pro 1200 (00-01),131.95,85.75
HT921GPSA-DKGR,SLH / SLX / Pro 1200 (00-01),131.95,85.75
HT921GPSA-Gray,SLH / SLX / Pro 1200 (00-01),131.95,85.75
HT921GPSA-GRCA,SLH / SLX / Pro 1200 (00-01),131.95,85.75
HT921GPSA-LG,SLH / SLX / Pro 1200 (00-01),131.95,85.75
HT921GPSA-LGCA,SLH / SLX / Pro 1200 (00-01),131.95,85.75
HT921GPSA-LTBLU,SLH / SLX / Pro 1200 (00-01),131.95,85.75
HT921GPSA-ORAN,SLH / SLX / Pro 1200 (00-01),131.95,85.75
HT921GPSA-PINK,SLH / SLX / Pro 1200 (00-01),131.95,85.75
HT921GPSA-PLMA,SLH / SLX / Pro 1200 (00-01),131.95,85.75
HT921GPSA-PRPL,SLH / SLX / Pro 1200 (00-01),131.95,85.75
HT921GPSA-RBLU,SLH / SLX / Pro 1200 (00-01),131.95,85.75
HT921GPSA-RDCA,SLH / SLX / Pro 1200 (00-01),131.95,85.75
HT921GPSA-RED,SLH / SLX / Pro 1200 (00-01),131.95,85.75
HT921GPSA-RLMA,SLH / SLX / Pro 1200 (00-01),131.95,85.75
HT921GPSA-SNCA,SLH / SLX / Pro 1200 (00-01),131.95,85.75
HT921GPSA-WHT,SLH / SLX / Pro 1200 (00-01),131.95,85.75
HT921GPSA-Yell,SLH / SLX / Pro 1200 (00-01),131.95,85.75
HT921GPSA-YLCA,SLH / SLX / Pro 1200 (00-01),131.95,85.75
HT921MDPSA-BLK,SLH / SLX / Pro 1200 (00-01),131.95,85.75
HT921MDPSA-DKGR,SLH / SLX / Pro 1200 (00-01),131.95,85.75
HT921MDPSA-Gray,SLH / SLX / Pro 1200 (00-01),131.95,85.75
HT921MDPSA-LG,SLH / SLX / Pro 1200 (00-01),131.95,85.75
HT921MDPSA-RBLU,SLH / SLX / Pro 1200 (00-01),131.95,85.75
HT921MDPSA-RED,SLH / SLX / Pro 1200 (00-01),131.95,85.75
HT921MDPSA-WHT,SLH / SLX / Pro 1200 (00-01),131.95,85.75
HT92-2TDPSA-BLK-BLU,SLXH (98) / SLH & SLX (99),158.95,103.3
HT92-2TDPSA-BLK-DKGR,SLXH (98) / SLH & SLX (99),158.95,103.3
HT92-2TDPSA-BLK-GRA,SLXH (98) / SLH & SLX (99),158.95,103.3
HT92-2TDPSA-BLK-LG,SLXH (98) / SLH & SLX (99),158.95,103.3
HT92-2TDPSA-BLK-ORAN,SLXH (98) / SLH & SLX (99),158.95,103.3
HT92-2TDPSA-BLK-PINK,SLXH (98) / SLH & SLX (99),158.95,103.3
HT92-2TDPSA-BLK-RED,SLXH (98) / SLH & SLX (99),158.95,103.3
HT92-2TDPSA-BLK-WHT,SLXH (98) / SLH & SLX (99),158.95,103.3
HT92-2TDPSA-BLK-YELL,SLXH (98) / SLH & SLX (99),158.95,103.3
HT92-2TDPSA-BLU-BLK,SLXH (98) / SLH & SLX (99),158.95,103.3
HT92-2TDPSA-DKG-BLK,SLXH (98) / SLH & SLX (99),158.95,103.3
HT92-2TDPSA-GRA-BLK,SLXH (98) / SLH & SLX (99),158.95,103.3
HT92-2TDPSA-LG-BLK,SLXH (98) / SLH & SLX (99),158.95,103.3
HT92-2TDPSA-RED-BLK,SLXH (98) / SLH & SLX (99),158.95,103.3
HT92-2TGPSA-BLK-BLU,SLXH (98) / SLH & SLX (99),158.95,103.3
HT92-2TGPSA-BLK-DKGR,SLXH (98) / SLH & SLX (99),158.95,103.3
HT92-2TGPSA-BLK-GRA,SLXH (98) / SLH & SLX (99),158.95,103.3
HT92-2TGPSA-BLK-LG,SLXH (98) / SLH & SLX (99),158.95,103.3
HT92-2TGPSA-BLK-ORAN,SLXH (98) / SLH & SLX (99),158.95,103.3
HT92-2TGPSA-BLK-PINK,SLXH (98) / SLH & SLX (99),158.95,103.3
HT92-2TGPSA-BLK-RED,SLXH (98) / SLH & SLX (99),158.95,103.3
HT92-2TGPSA-BLK-WHT,SLXH (98) / SLH & SLX (99),158.95,103.3
HT92-2TGPSA-BLK-YELL,SLXH (98) / SLH & SLX (99),158.95,103.3
HT92-2TGPSA-BLU-BLK,SLXH (98) / SLH & SLX (99),158.95,103.3
HT92-2TGPSA-DKG-BLK,SLXH (98) / SLH & SLX (99),158.95,103.3
HT92-2TGPSA-GRA-BLK,SLXH (98) / SLH & SLX (99),158.95,103.3
HT92-2TGPSA-LG-BLK,SLXH (98) / SLH & SLX (99),158.95,103.3
HT92-2TGPSA-RED-BLK,SLXH (98) / SLH & SLX (99),158.95,103.3
HT92DPSA-BLCA,SLXH (98) / SLH & SLX (99),131.95,85.75
HT92DPSA-BLK,SLXH (98) / SLH & SLX (99),131.95,85.75
HT92DPSA-BLMA,SLXH (98) / SLH & SLX (99),131.95,85.75
HT92DPSA-DBlU,SLXH (98) / SLH & SLX (99),131.95,85.75
HT92DPSA-DKGR,SLXH (98) / SLH & SLX (99),131.95,85.75
HT92DPSA-Gray,SLXH (98) / SLH & SLX (99),131.95,85.75
HT92DPSA-GRCA,SLXH (98) / SLH & SLX (99),131.95,85.75
HT92DPSA-LG,SLXH (98) / SLH & SLX (99),131.95,85.75
HT92DPSA-LGCA,SLXH (98) / SLH & SLX (99),131.95,85.75
HT92DPSA-LTBLU,SLXH (98) / SLH & SLX (99),131.95,85.75
HT92DPSA-ORAN,SLXH (98) / SLH & SLX (99),131.95,85.75
HT92DPSA-PINK,SLXH (98) / SLH & SLX (99),131.95,85.75
HT92DPSA-PLMA,SLXH (98) / SLH & SLX (99),131.95,85.75
HT92DPSA-PRPL,SLXH (98) / SLH & SLX (99),131.95,85.75
HT92DPSA-RBLU,SLXH (98) / SLH & SLX (99),131.95,85.75
HT92DPSA-RDCA,SLXH (98) / SLH & SLX (99),131.95,85.75
HT92DPSA-RED,SLXH (98) / SLH & SLX (99),131.95,85.75
HT92DPSA-RLMA,SLXH (98) / SLH & SLX (99),131.95,85.75
HT92DPSA-SNCA,SLXH (98) / SLH & SLX (99),131.95,85.75
HT92DPSA-WHT,SLXH (98) / SLH & SLX (99),131.95,85.75
HT92DPSA-Yell,SLXH (98) / SLH & SLX (99),131.95,85.75
HT92DPSA-YLCA,SLXH (98) / SLH & SLX (99),131.95,85.75
HT92GPSA-BLCA,SLXH (98) / SLH & SLX (99),131.95,85.75
HT92GPSA-BLK,SLXH (98) / SLH & SLX (99),131.95,85.75
HT92GPSA-BLMA,SLXH (98) / SLH & SLX (99),131.95,85.75
HT92GPSA-DBlU,SLXH (98) / SLH & SLX (99),131.95,85.75
HT92GPSA-DKGR,SLXH (98) / SLH & SLX (99),131.95,85.75
HT92GPSA-Gray,SLXH (98) / SLH & SLX (99),131.95,85.75
HT92GPSA-GRCA,SLXH (98) / SLH & SLX (99),131.95,85.75
HT92GPSA-LG,SLXH (98) / SLH & SLX (99),131.95,85.75
HT92GPSA-LGCA,SLXH (98) / SLH & SLX (99),131.95,85.75
HT92GPSA-LTBLU,SLXH (98) / SLH & SLX (99),131.95,85.75
HT92GPSA-ORAN,SLXH (98) / SLH & SLX (99),131.95,85.75
HT92GPSA-PINK,SLXH (98) / SLH & SLX (99),131.95,85.75
HT92GPSA-PLMA,SLXH (98) / SLH & SLX (99),131.95,85.75
HT92GPSA-PRPL,SLXH (98) / SLH & SLX (99),131.95,85.75
HT92GPSA-RBLU,SLXH (98) / SLH & SLX (99),131.95,85.75
HT92GPSA-RDCA,SLXH (98) / SLH & SLX (99),131.95,85.75
HT92GPSA-RED,SLXH (98) / SLH & SLX (99),131.95,85.75
HT92GPSA-RLMA,SLXH (98) / SLH & SLX (99),131.95,85.75
HT92GPSA-SNCA,SLXH (98) / SLH & SLX (99),131.95,85.75
HT92GPSA-WHT,SLXH (98) / SLH & SLX (99),131.95,85.75
HT92GPSA-Yell,SLXH (98) / SLH & SLX (99),131.95,85.75
HT92GPSA-YLCA,SLXH (98) / SLH & SLX (99),131.95,85.75
HT92MDPSA-BLK,SLXH (98) / SLH & SLX (99),131.95,85.75
HT92MDPSA-DKGR,SLXH (98) / SLH & SLX (99),131.95,85.75
HT92MDPSA-Gray,SLXH (98) / SLH & SLX (99),131.95,85.75
HT92MDPSA-WHT,SLXH (98) / SLH & SLX (99),131.95,85.75
HT93-2TDPSA-BLK-BLU,SLT / SLTX / X-45,158.95,103.3
HT93-2TDPSA-BLK-DKGR,SLT / SLTX / X-45,158.95,103.3
HT93-2TDPSA-BLK-GRA,SLT / SLTX / X-45,158.95,103.3
HT93-2TDPSA-BLK-LG,SLT / SLTX / X-45,158.95,103.3
HT93-2TDPSA-BLK-ORAN,SLT / SLTX / X-45,158.95,103.3
HT93-2TDPSA-BLK-PINK,SLT / SLTX / X-45,158.95,103.3
HT93-2TDPSA-BLK-RED,SLT / SLTX / X-45,158.95,103.3
HT93-2TDPSA-BLK-WHT,SLT / SLTX / X-45,158.95,103.3
HT93-2TDPSA-BLK-YELL,SLT / SLTX / X-45,158.95,103.3
HT93-2TDPSA-BLU-BLK,SLT / SLTX / X-45,158.95,103.3
HT93-2TDPSA-DKG-BLK,SLT / SLTX / X-45,158.95,103.3
HT93-2TDPSA-GRA-BLK,SLT / SLTX / X-45,158.95,103.3
HT93-2TDPSA-LG-BLK,SLT / SLTX / X-45,158.95,103.3
HT93-2TDPSA-RED-BLK,SLT / SLTX / X-45,158.95,103.3
HT93-2TGPSA-BLK-BLU,SLT / SLTX / X-45,158.95,103.3
HT93-2TGPSA-BLK-DKGR,SLT / SLTX / X-45,158.95,103.3
HT93-2TGPSA-BLK-GRA,SLT / SLTX / X-45,158.95,103.3
HT93-2TGPSA-BLK-LG,SLT / SLTX / X-45,158.95,103.3
HT93-2TGPSA-BLK-ORAN,SLT / SLTX / X-45,158.95,103.3
HT93-2TGPSA-BLK-PINK,SLT / SLTX / X-45,158.95,103.3
HT93-2TGPSA-BLK-RED,SLT / SLTX / X-45,158.95,103.3
HT93-2TGPSA-BLK-WHT,SLT / SLTX / X-45,158.95,103.3
HT93-2TGPSA-BLK-YELL,SLT / SLTX / X-45,158.95,103.3
HT93-2TGPSA-BLU-BLK,SLT / SLTX / X-45,158.95,103.3
HT93-2TGPSA-DKG-BLK,SLT / SLTX / X-45,158.95,103.3
HT93-2TGPSA-GRA-BLK,SLT / SLTX / X-45,158.95,103.3
HT93-2TGPSA-LG-BLK,SLT / SLTX / X-45,158.95,103.3
HT93-2TGPSA-RED-BLK,SLT / SLTX / X-45,158.95,103.3
HT93DPSA-BLCA,SLT / SLTX / X-45,131.95,85.75
HT93DPSA-BLK,SLT / SLTX / X-45,131.95,85.75
HT93DPSA-BLMA,SLT / SLTX / X-45,131.95,85.75
HT93DPSA-DBlU,SLT / SLTX / X-45,131.95,85.75
HT93DPSA-DKGR,SLT / SLTX / X-45,131.95,85.75
HT93DPSA-Gray,SLT / SLTX / X-45,131.95,85.75
HT93DPSA-GRCA,SLT / SLTX / X-45,131.95,85.75
HT93DPSA-LG,SLT / SLTX / X-45,131.95,85.75
HT93DPSA-LGCA,SLT / SLTX / X-45,131.95,85.75
HT93DPSA-LTBLU,SLT / SLTX / X-45,131.95,85.75
HT93DPSA-ORAN,SLT / SLTX / X-45,131.95,85.75
HT93DPSA-PINK,SLT / SLTX / X-45,131.95,85.75
HT93DPSA-PLMA,SLT / SLTX / X-45,131.95,85.75
HT93DPSA-PRPL,SLT / SLTX / X-45,131.95,85.75
HT93DPSA-RBLU,SLT / SLTX / X-45,131.95,85.75
HT93DPSA-RDCA,SLT / SLTX / X-45,131.95,85.75
HT93DPSA-RED,SLT / SLTX / X-45,131.95,85.75
HT93DPSA-RLMA,SLT / SLTX / X-45,131.95,85.75
HT93DPSA-SNCA,SLT / SLTX / X-45,131.95,85.75
HT93DPSA-WHT,SLT / SLTX / X-45,131.95,85.75
HT93DPSA-Yell,SLT / SLTX / X-45,131.95,85.75
HT93DPSA-YLCA,SLT / SLTX / X-45,131.95,85.75
HT93GPSA-BLCA,SLT / SLTX / X-45,131.95,85.75
HT93GPSA-BLK,SLT / SLTX / X-45,131.95,85.75
HT93GPSA-BLMA,SLT / SLTX / X-45,131.95,85.75
HT93GPSA-DBlU,SLT / SLTX / X-45,131.95,85.75
HT93GPSA-DKGR,SLT / SLTX / X-45,131.95,85.75
HT93GPSA-Gray,SLT / SLTX / X-45,131.95,85.75
HT93GPSA-GRCA,SLT / SLTX / X-45,131.95,85.75
HT93GPSA-LG,SLT / SLTX / X-45,131.95,85.75
HT93GPSA-LGCA,SLT / SLTX / X-45,131.95,85.75
HT93GPSA-LTBLU,SLT / SLTX / X-45,131.95,85.75
HT93GPSA-ORAN,SLT / SLTX / X-45,131.95,85.75
HT93GPSA-PINK,SLT / SLTX / X-45,131.95,85.75
HT93GPSA-PLMA,SLT / SLTX / X-45,131.95,85.75
HT93GPSA-PRPL,SLT / SLTX / X-45,131.95,85.75
HT93GPSA-RBLU,SLT / SLTX / X-45,131.95,85.75
HT93GPSA-RDCA,SLT / SLTX / X-45,131.95,85.75
HT93GPSA-RED,SLT / SLTX / X-45,131.95,85.75
HT93GPSA-RLMA,SLT / SLTX / X-45,131.95,85.75
HT93GPSA-SNCA,SLT / SLTX / X-45,131.95,85.75
HT93GPSA-WHT,SLT / SLTX / X-45,131.95,85.75
HT93GPSA-Yell,SLT / SLTX / X-45,131.95,85.75
HT93GPSA-YLCA,SLT / SLTX / X-45,131.95,85.75
HT93MDPSA-BLK,SLT / SLTX / X-45,131.95,85.75
HT93MDPSA-DKGR,SLT / SLTX / X-45,131.95,85.75
HT93MDPSA-Gray,SLT / SLTX / X-45,131.95,85.75
HT93MDPSA-LG,SLT / SLTX / X-45,131.95,85.75
HT93MDPSA-RBLU,SLT / SLTX / X-45,131.95,85.75
HT93MDPSA-RED,SLT / SLTX / X-45,131.95,85.75
HT93MDPSA-WHT,SLT / SLTX / X-45,131.95,85.75
HT94-2TDPSA-BLK-BLU,Virage / Freedom,158.95,103.3
HT94-2TDPSA-BLK-DKGR,Virage / Freedom,158.95,103.3
HT94-2TDPSA-BLK-GRA,Virage / Freedom,158.95,103.3
HT94-2TDPSA-BLK-LG,Virage / Freedom,158.95,103.3
HT94-2TDPSA-BLK-ORAN,Virage / Freedom,158.95,103.3
HT94-2TDPSA-BLK-PINK,Virage / Freedom,158.95,103.3
HT94-2TDPSA-BLK-RED,Virage / Freedom,158.95,103.3
HT94-2TDPSA-BLK-WHT,Virage / Freedom,158.95,103.3
HT94-2TDPSA-BLK-YELL,Virage / Freedom,158.95,103.3
HT94-2TDPSA-BLU-BLK,Virage / Freedom,158.95,103.3
HT94-2TDPSA-DKG-BLK,Virage / Freedom,158.95,103.3
HT94-2TDPSA-GRA-BLK,Virage / Freedom,158.95,103.3
HT94-2TDPSA-LG-BLK,Virage / Freedom,158.95,103.3
HT94-2TDPSA-RED-BLK,Virage / Freedom,158.95,103.3
HT94-2TGPSA-BLK-BLU,Virage / Freedom,158.95,103.3
HT94-2TGPSA-BLK-DKGR,Virage / Freedom,158.95,103.3
HT94-2TGPSA-BLK-GRA,Virage / Freedom,158.95,103.3
HT94-2TGPSA-BLK-LG,Virage / Freedom,158.95,103.3
HT94-2TGPSA-BLK-ORAN,Virage / Freedom,158.95,103.3
HT94-2TGPSA-BLK-PINK,Virage / Freedom,158.95,103.3
HT94-2TGPSA-BLK-RED,Virage / Freedom,158.95,103.3
HT94-2TGPSA-BLK-WHT,Virage / Freedom,158.95,103.3
HT94-2TGPSA-BLK-YELL,Virage / Freedom,158.95,103.3
HT94-2TGPSA-BLU-BLK,Virage / Freedom,158.95,103.3
HT94-2TGPSA-DKG-BLK,Virage / Freedom,158.95,103.3
HT94-2TGPSA-GRA-BLK,Virage / Freedom,158.95,103.3
HT94-2TGPSA-LG-BLK,Virage / Freedom,158.95,103.3
HT94-2TGPSA-RED-BLK,Virage / Freedom,158.95,103.3
HT94DPSA-BLCA,Virage / Freedom,131.95,85.75
HT94DPSA-BLK,Virage / Freedom,131.95,85.75
HT94DPSA-BLMA,Virage / Freedom,131.95,85.75
HT94DPSA-DBlU,Virage / Freedom,131.95,85.75
HT94DPSA-DKGR,Virage / Freedom,131.95,85.75
HT94DPSA-Gray,Virage / Freedom,131.95,85.75
HT94DPSA-GRCA,Virage / Freedom,131.95,85.75
HT94DPSA-LG,Virage / Freedom,131.95,85.75
HT94DPSA-LGCA,Virage / Freedom,131.95,85.75
HT94DPSA-LTBLU,Virage / Freedom,131.95,85.75
HT94DPSA-ORAN,Virage / Freedom,131.95,85.75
HT94DPSA-PINK,Virage / Freedom,131.95,85.75
HT94DPSA-PLMA,Virage / Freedom,131.95,85.75
HT94DPSA-PRPL,Virage / Freedom,131.95,85.75
HT94DPSA-RBLU,Virage / Freedom,131.95,85.75
HT94DPSA-RDCA,Virage / Freedom,131.95,85.75
HT94DPSA-RED,Virage / Freedom,131.95,85.75
HT94DPSA-RLMA,Virage / Freedom,131.95,85.75
HT94DPSA-SNCA,Virage / Freedom,131.95,85.75
HT94DPSA-WHT,Virage / Freedom,131.95,85.75
HT94DPSA-Yell,Virage / Freedom,131.95,85.75
HT94DPSA-YLCA,Virage / Freedom,131.95,85.75
HT94GPSA-BLCA,Virage / Freedom,131.95,85.75
HT94GPSA-BLK,Virage / Freedom,131.95,85.75
HT94GPSA-BLMA,Virage / Freedom,131.95,85.75
HT94GPSA-DBlU,Virage / Freedom,131.95,85.75
HT94GPSA-DKGR,Virage / Freedom,131.95,85.75
HT94GPSA-Gray,Virage / Freedom,131.95,85.75
HT94GPSA-GRCA,Virage / Freedom,131.95,85.75
HT94GPSA-LG,Virage / Freedom,131.95,85.75
HT94GPSA-LGCA,Virage / Freedom,131.95,85.75
HT94GPSA-LTBLU,Virage / Freedom,131.95,85.75
HT94GPSA-ORAN,Virage / Freedom,131.95,85.75
HT94GPSA-PINK,Virage / Freedom,131.95,85.75
HT94GPSA-PLMA,Virage / Freedom,131.95,85.75
HT94GPSA-PRPL,Virage / Freedom,131.95,85.75
HT94GPSA-RBLU,Virage / Freedom,131.95,85.75
HT94GPSA-RDCA,Virage / Freedom,131.95,85.75
HT94GPSA-RED,Virage / Freedom,131.95,85.75
HT94GPSA-RLMA,Virage / Freedom,131.95,85.75
HT94GPSA-SNCA,Virage / Freedom,131.95,85.75
HT94GPSA-WHT,Virage / Freedom,131.95,85.75
HT94GPSA-Yell,Virage / Freedom,131.95,85.75
HT94GPSA-YLCA,Virage / Freedom,131.95,85.75
HT94MDPSA-BLK,Virage / Freedom,131.95,85.75
HT94MDPSA-DKGR,Virage / Freedom,131.95,85.75
HT94MDPSA-Gray,Virage / Freedom,131.95,85.75
HT94MDPSA-LG,Virage / Freedom,131.95,85.75
HT94MDPSA-RBLU,Virage / Freedom,131.95,85.75
HT94MDPSA-RED,Virage / Freedom,131.95,85.75
HT94MDPSA-WHT,Virage / Freedom,131.95,85.75
HT95-2TDPSA-BLK-BLU,Genesis,158.95,103.3
HT95-2TDPSA-BLK-DKGR,Genesis,158.95,103.3
HT95-2TDPSA-BLK-GRA,Genesis,158.95,103.3
HT95-2TDPSA-BLK-LG,Genesis,158.95,103.3
HT95-2TDPSA-BLK-ORAN,Genesis,158.95,103.3
HT95-2TDPSA-BLK-PINK,Genesis,158.95,103.3
HT95-2TDPSA-BLK-RED,Genesis,158.95,103.3
HT95-2TDPSA-BLK-WHT,Genesis,158.95,103.3
HT95-2TDPSA-BLK-YELL,Genesis,158.95,103.3
HT95-2TDPSA-BLU-BLK,Genesis,158.95,103.3
HT95-2TDPSA-DKG-BLK,Genesis,158.95,103.3
HT95-2TDPSA-GRA-BLK,Genesis,158.95,103.3
HT95-2TDPSA-LG-BLK,Genesis,158.95,103.3
HT95-2TDPSA-RED-BLK,Genesis,158.95,103.3
HT95-2TGPSA-BLK-BLU,Genesis,158.95,103.3
HT95-2TGPSA-BLK-DKGR,Genesis,158.95,103.3
HT95-2TGPSA-BLK-GRA,Genesis,158.95,103.3
HT95-2TGPSA-BLK-LG,Genesis,158.95,103.3
HT95-2TGPSA-BLK-ORAN,Genesis,158.95,103.3
HT95-2TGPSA-BLK-PINK,Genesis,158.95,103.3
HT95-2TGPSA-BLK-RED,Genesis,158.95,103.3
HT95-2TGPSA-BLK-WHT,Genesis,158.95,103.3
HT95-2TGPSA-BLK-YELL,Genesis,158.95,103.3
HT95-2TGPSA-BLU-BLK,Genesis,158.95,103.3
HT95-2TGPSA-DKG-BLK,Genesis,158.95,103.3
HT95-2TGPSA-GRA-BLK,Genesis,158.95,103.3
HT95-2TGPSA-LG-BLK,Genesis,158.95,103.3
HT95-2TGPSA-RED-BLK,Genesis,158.95,103.3
HT95DPSA-BLCA,Genesis,131.95,85.75
HT95DPSA-BLK,Genesis,131.95,85.75
HT95DPSA-BLMA,Genesis,131.95,85.75
HT95DPSA-DBlU,Genesis,131.95,85.75
HT95DPSA-DKGR,Genesis,131.95,85.75
HT95DPSA-Gray,Genesis,131.95,85.75
HT95DPSA-GRCA,Genesis,131.95,85.75
HT95DPSA-LG,Genesis,131.95,85.75
HT95DPSA-LGCA,Genesis,131.95,85.75
HT95DPSA-LTBLU,Genesis,131.95,85.75
HT95DPSA-ORAN,Genesis,131.95,85.75
HT95DPSA-PINK,Genesis,131.95,85.75
HT95DPSA-PLMA,Genesis,131.95,85.75
HT95DPSA-PRPL,Genesis,131.95,85.75
HT95DPSA-RBLU,Genesis,131.95,85.75
HT95DPSA-RDCA,Genesis,131.95,85.75
HT95DPSA-RED,Genesis,131.95,85.75
HT95DPSA-RLMA,Genesis,131.95,85.75
HT95DPSA-SNCA,Genesis,131.95,85.75
HT95DPSA-WHT,Genesis,131.95,85.75
HT95DPSA-Yell,Genesis,131.95,85.75
HT95DPSA-YLCA,Genesis,131.95,85.75
HT95GPSA-BLCA,Genesis,131.95,85.75
HT95GPSA-BLK,Genesis,131.95,85.75
HT95GPSA-BLMA,Genesis,131.95,85.75
HT95GPSA-DBlU,Genesis,131.95,85.75
HT95GPSA-DKGR,Genesis,131.95,85.75
HT95GPSA-Gray,Genesis,131.95,85.75
HT95GPSA-GRCA,Genesis,131.95,85.75
HT95GPSA-LG,Genesis,131.95,85.75
HT95GPSA-LGCA,Genesis,131.95,85.75
HT95GPSA-LTBLU,Genesis,131.95,85.75
HT95GPSA-ORAN,Genesis,131.95,85.75
HT95GPSA-PINK,Genesis,131.95,85.75
HT95GPSA-PLMA,Genesis,131.95,85.75
HT95GPSA-PRPL,Genesis,131.95,85.75
HT95GPSA-RBLU,Genesis,131.95,85.75
HT95GPSA-RDCA,Genesis,131.95,85.75
HT95GPSA-RED,Genesis,131.95,85.75
HT95GPSA-RLMA,Genesis,131.95,85.75
HT95GPSA-SNCA,Genesis,131.95,85.75
HT95GPSA-WHT,Genesis,131.95,85.75
HT95GPSA-Yell,Genesis,131.95,85.75
HT95GPSA-YLCA,Genesis,131.95,85.75
HT95MDPSA-BLK,Genesis,131.95,85.75
HT95MDPSA-DKGR,Genesis,131.95,85.75
HT95MDPSA-Gray,Genesis,131.95,85.75
HT95MDPSA-LG,Genesis,131.95,85.75
HT95MDPSA-RBLU,Genesis,131.95,85.75
HT95MDPSA-RED,Genesis,131.95,85.75
HT95MDPSA-WHT,Genesis,131.95,85.75
HT96-2TDPSA-BLK-BLU,Octane (Rail caps not  included),173.95,113.05
HT96-2TDPSA-BLK-DKGR,Octane (Rail caps not  included),173.95,113.05
HT96-2TDPSA-BLK-GRA,Octane (Rail caps not  included),173.95,113.05
HT96-2TDPSA-BLK-LG,Octane (Rail caps not  included),173.95,113.05
HT96-2TDPSA-BLK-ORAN,Octane (Rail caps not  included),173.95,113.05
HT96-2TDPSA-BLK-PINK,Octane (Rail caps not  included),173.95,113.05
HT96-2TDPSA-BLK-RED,Octane (Rail caps not  included),173.95,113.05
HT96-2TDPSA-BLK-WHT,Octane (Rail caps not  included),173.95,113.05
HT96-2TDPSA-BLK-YELL,Octane (Rail caps not  included),173.95,113.05
HT96-2TDPSA-BLU-BLK,Octane (Rail caps not  included),173.95,113.05
HT96-2TDPSA-DKG-BLK,Octane (Rail caps not  included),173.95,113.05
HT96-2TDPSA-GRA-BLK,Octane (Rail caps not  included),173.95,113.05
HT96-2TDPSA-LG-BLK,Octane (Rail caps not  included),173.95,113.05
HT96-2TDPSA-RED-BLK,Octane (Rail caps not  included),173.95,113.05
HT96-2TGPSA-BLK-BLU,Octane (Rail caps not  included),173.95,113.05
HT96-2TGPSA-BLK-DKGR,Octane (Rail caps not  included),173.95,113.05
HT96-2TGPSA-BLK-GRA,Octane (Rail caps not  included),173.95,113.05
HT96-2TGPSA-BLK-LG,Octane (Rail caps not  included),173.95,113.05
HT96-2TGPSA-BLK-ORAN,Octane (Rail caps not  included),173.95,113.05
HT96-2TGPSA-BLK-PINK,Octane (Rail caps not  included),173.95,113.05
HT96-2TGPSA-BLK-RED,Octane (Rail caps not  included),173.95,113.05
HT96-2TGPSA-BLK-WHT,Octane (Rail caps not  included),173.95,113.05
HT96-2TGPSA-BLK-YELL,Octane (Rail caps not  included),173.95,113.05
HT96-2TGPSA-BLU-BLK,Octane (Rail caps not  included),173.95,113.05
HT96-2TGPSA-DKG-BLK,Octane (Rail caps not  included),173.95,113.05
HT96-2TGPSA-GRA-BLK,Octane (Rail caps not  included),173.95,113.05
HT96-2TGPSA-LG-BLK,Octane (Rail caps not  included),173.95,113.05
HT96-2TGPSA-RED-BLK,Octane (Rail caps not  included),173.95,113.05
HT96DPSA-BLCA,Octane (Rail caps not  included),131.95,85.75
HT96DPSA-BLK,Octane (Rail caps not  included),131.95,85.75
HT96DPSA-BLMA,Octane (Rail caps not  included),131.95,85.75
HT96DPSA-DBlU,Octane (Rail caps not  included),131.95,85.75
HT96DPSA-DKGR,Octane (Rail caps not  included),131.95,85.75
HT96DPSA-Gray,Octane (Rail caps not  included),131.95,85.75
HT96DPSA-GRCA,Octane (Rail caps not  included),131.95,85.75
HT96DPSA-LG,Octane (Rail caps not  included),131.95,85.75
HT96DPSA-LGCA,Octane (Rail caps not  included),131.95,85.75
HT96DPSA-LTBLU,Octane (Rail caps not  included),131.95,85.75
HT96DPSA-ORAN,Octane (Rail caps not  included),131.95,85.75
HT96DPSA-PINK,Octane (Rail caps not  included),131.95,85.75
HT96DPSA-PLMA,Octane (Rail caps not  included),131.95,85.75
HT96DPSA-PRPL,Octane (Rail caps not  included),131.95,85.75
HT96DPSA-RBLU,Octane (Rail caps not  included),131.95,85.75
HT96DPSA-RDCA,Octane (Rail caps not  included),131.95,85.75
HT96DPSA-RED,Octane (Rail caps not  included),131.95,85.75
HT96DPSA-RLMA,Octane (Rail caps not  included),131.95,85.75
HT96DPSA-SNCA,Octane (Rail caps not  included),131.95,85.75
HT96DPSA-WHT,Octane (Rail caps not  included),131.95,85.75
HT96DPSA-Yell,Octane (Rail caps not  included),131.95,85.75
HT96DPSA-YLCA,Octane (Rail caps not  included),131.95,85.75
HT96MDPSA-BLK,Octane (Rail caps not  included),131.95,85.75
HT96MDPSA-DKGR,Octane (Rail caps not  included),131.95,85.75
HT96MDPSA-Gray,Octane (Rail caps not  included),131.95,85.75
HT96MDPSA-LG,Octane (Rail caps not  included),131.95,85.75
HT96MDPSA-RBLU,Octane (Rail caps not  included),131.95,85.75
HT96MDPSA-RED,Octane (Rail caps not  included),131.95,85.75
HT96MDPSA-WHT,Octane (Rail caps not  included),131.95,85.75
HT97-2TDPSA-BLK-BLU,MSX,173.95,113.05
HT97-2TDPSA-BLK-DKGR,MSX,173.95,113.05
HT97-2TDPSA-BLK-GRA,MSX,173.95,113.05
HT97-2TDPSA-BLK-LG,MSX,173.95,113.05
HT97-2TDPSA-BLK-ORAN,MSX,173.95,113.05
HT97-2TDPSA-BLK-PINK,MSX,173.95,113.05
HT97-2TDPSA-BLK-RED,MSX,173.95,113.05
HT97-2TDPSA-BLK-WHT,MSX,173.95,113.05
HT97-2TDPSA-BLK-YELL,MSX,173.95,113.05
HT97-2TDPSA-BLU-BLK,MSX,173.95,113.05
HT97-2TDPSA-DKG-BLK,MSX,173.95,113.05
HT97-2TDPSA-GRA-BLK,MSX,173.95,113.05
HT97-2TDPSA-LG-BLK,MSX,173.95,113.05
HT97-2TDPSA-RED-BLK,MSX,173.95,113.05
HT97-2TGPSA-BLK-BLU,MSX,173.95,113.05
HT97-2TGPSA-BLK-DKGR,MSX,173.95,113.05
HT97-2TGPSA-BLK-GRA,MSX,173.95,113.05
HT97-2TGPSA-BLK-LG,MSX,173.95,113.05
HT97-2TGPSA-BLK-ORAN,MSX,173.95,113.05
HT97-2TGPSA-BLK-PINK,MSX,173.95,113.05
HT97-2TGPSA-BLK-RED,MSX,173.95,113.05
HT97-2TGPSA-BLK-WHT,MSX,173.95,113.05
HT97-2TGPSA-BLK-YELL,MSX,173.95,113.05
HT97-2TGPSA-BLU-BLK,MSX,173.95,113.05
HT97-2TGPSA-DKG-BLK,MSX,173.95,113.05
HT97-2TGPSA-GRA-BLK,MSX,173.95,113.05
HT97-2TGPSA-LG-BLK,MSX,173.95,113.05
HT97-2TGPSA-RED-BLK,MSX,173.95,113.05
HT97DPSA-BLCA,MSX,144.95,94.2
HT97DPSA-BLK,MSX,144.95,94.2
HT97DPSA-BLMA,MSX,144.95,94.2
HT97DPSA-DBlU,MSX,144.95,94.2
HT97DPSA-DKGR,MSX,144.95,94.2
HT97DPSA-Gray,MSX,144.95,94.2
HT97DPSA-GRCA,MSX,144.95,94.2
HT97DPSA-LG,MSX,144.95,94.2
HT97DPSA-LGCA,MSX,144.95,94.2
HT97DPSA-LTBLU,MSX,144.95,94.2
HT97DPSA-ORAN,MSX,144.95,94.2
HT97DPSA-PLMA,MSX,144.95,94.2
HT97DPSA-PRPL,MSX,144.95,94.2
HT97DPSA-RBLU,MSX,144.95,94.2
HT97DPSA-RDCA,MSX,144.95,94.2
HT97DPSA-RED,MSX,144.95,94.2
HT97DPSA-RLMA,MSX,144.95,94.2
HT97DPSA-SNCA,MSX,144.95,94.2
HT97DPSA-WHT,MSX,144.95,94.2
HT97DPSA-Yell,MSX,144.95,94.2
HT97GPSA-BLCA,MSX,144.95,94.2
HT97GPSA-BLK,MSX,144.95,94.2
HT97GPSA-BLMA,MSX,144.95,94.2
HT97GPSA-DBlU,MSX,144.95,94.2
HT97GPSA-DKGR,MSX,144.95,94.2
HT97GPSA-Gray,MSX,144.95,94.2
HT97GPSA-GRCA,MSX,144.95,94.2
HT97GPSA-LG,MSX,144.95,94.2
HT97GPSA-LGCA,MSX,144.95,94.2
HT97GPSA-LTBLU,MSX,144.95,94.2
HT97GPSA-ORAN,MSX,144.95,94.2
HT97GPSA-PINK,MSX,144.95,94.2
HT97GPSA-PLMA,MSX,144.95,94.2
HT97GPSA-PRPL,MSX,144.95,94.2
HT97GPSA-RBLU,MSX,144.95,94.2
HT97GPSA-RDCA,MSX,144.95,94.2
HT97GPSA-RED,MSX,144.95,94.2
HT97GPSA-RLMA,MSX,144.95,94.2
HT97GPSA-SNCA,MSX,144.95,94.2
HT97GPSA-WHT,MSX,144.95,94.2
HT97GPSA-Yell,MSX,144.95,94.2
HT97GPSA-YLCA,MSX,144.95,94.2
HT97MDPSA-BLK,MSX,144.95,94.2
HT97MDPSA-DBlU,MSX,144.95,94.2
HT97MDPSA-DKGR,MSX,144.95,94.2
HT97MDPSA-Gray,MSX,144.95,94.2
HT97MDPSA-LTBLU,MSX,144.95,94.2
HT97MDPSA-RBLU,MSX,144.95,94.2
HT97MDPSA-WHT,MSX,144.95,94.2
HTFX1-2TDPSA-BLK-BLU,FX SHO (08-11) / FX HO (10-11) / FZR & FZS (09-16),158.95,103.3
HTFX1-2TDPSA-BLK-DKG,FX SHO (08-11) / FX HO (10-11) / FZR & FZS (09-16),158.95,103.3
HTFX1-2TDPSA-BLK-GRA,FX SHO (08-11) / FX HO (10-11) / FZR & FZS (09-16),158.95,103.3
HTFX1-2TDPSA-BLK-LG,FX SHO (08-11) / FX HO (10-11) / FZR & FZS (09-16),158.95,103.3
HTFX1-2TDPSA-BLK-ORA,FX SHO (08-11) / FX HO (10-11) / FZR & FZS (09-16),158.95,103.3
HTFX1-2TDPSA-BLK-PIN,FX SHO (08-11) / FX HO (10-11) / FZR & FZS (09-16),158.95,103.3
HTFX1-2TDPSA-BLK-RED,FX SHO (08-11) / FX HO (10-11) / FZR & FZS (09-16),158.95,103.3
HTFX1-2TDPSA-BLK-WHT,FX SHO (08-11) / FX HO (10-11) / FZR & FZS (09-16),158.95,103.3
HTFX1-2TDPSA-BLK-YL,FX SHO (08-11) / FX HO (10-11) / FZR & FZS (09-16),158.95,103.3
HTFX1-2TDPSA-BLU-BLK,FX SHO (08-11) / FX HO (10-11) / FZR & FZS (09-16),158.95,103.3
HTFX1-2TDPSA-DKG-BLK,FX SHO (08-11) / FX HO (10-11) / FZR & FZS (09-16),158.95,103.3
HTFX1-2TDPSA-GRA-BLK,FX SHO (08-11) / FX HO (10-11) / FZR & FZS (09-16),158.95,103.3
HTFX1-2TDPSA-LG-BLK,FX SHO (08-11) / FX HO (10-11) / FZR & FZS (09-16),158.95,103.3
HTFX1-2TDPSA-RED-BLK,FX SHO (08-11) / FX HO (10-11) / FZR & FZS (09-16),158.95,103.3
HTFX1-2TGPSA-BLK-BLU,FX SHO (08-11) / FX HO (10-11) / FZR & FZS (09-16),158.95,103.3
HTFX1-2TGPSA-BLK-DKG,FX SHO (08-11) / FX HO (10-11) / FZR & FZS (09-16),158.95,103.3
HTFX1-2TGPSA-BLK-GRA,FX SHO (08-11) / FX HO (10-11) / FZR & FZS (09-16),158.95,103.3
HTFX1-2TGPSA-BLK-LG,FX SHO (08-11) / FX HO (10-11) / FZR & FZS (09-16),158.95,103.3
HTFX1-2TGPSA-BLK-ORA,FX SHO (08-11) / FX HO (10-11) / FZR & FZS (09-16),158.95,103.3
HTFX1-2TGPSA-BLK-PIN,FX SHO (08-11) / FX HO (10-11) / FZR & FZS (09-16),158.95,103.3
HTFX1-2TGPSA-BLK-RED,FX SHO (08-11) / FX HO (10-11) / FZR & FZS (09-16),158.95,103.3
HTFX1-2TGPSA-BLK-WHT,FX SHO (08-11) / FX HO (10-11) / FZR & FZS (09-16),158.95,103.3
HTFX1-2TGPSA-BLK-YL,FX SHO (08-11) / FX HO (10-11) / FZR & FZS (09-16),158.95,103.3
HTFX1-2TGPSA-BLU-BLK,FX SHO (08-11) / FX HO (10-11) / FZR & FZS (09-16),158.95,103.3
HTFX1-2TGPSA-DKG-BLK,FX SHO (08-11) / FX HO (10-11) / FZR & FZS (09-16),158.95,103.3
HTFX1-2TGPSA-GRA-BLK,FX SHO (08-11) / FX HO (10-11) / FZR & FZS (09-16),158.95,103.3
HTFX1-2TGPSA-LG-BLK,FX SHO (08-11) / FX HO (10-11) / FZR & FZS (09-16),158.95,103.3
HTFX1-2TGPSA-RED-BLK,FX SHO (08-11) / FX HO (10-11) / FZR & FZS (09-16),158.95,103.3
HTFX1DPSA-BLCA,FX SHO (08-11) / FX HO (10-11) / FZR & FZS (09-16),131.95,85.75
HTFX1DPSA-BLK,FX SHO (08-11) / FX HO (10-11) / FZR & FZS (09-16),131.95,85.75
HTFX1DPSA-BLMA,FX SHO (08-11) / FX HO (10-11) / FZR & FZS (09-16),131.95,85.75
HTFX1DPSA-DBlU,FX SHO (08-11) / FX HO (10-11) / FZR & FZS (09-16),131.95,85.75
HTFX1DPSA-DKGR,FX SHO (08-11) / FX HO (10-11) / FZR & FZS (09-16),131.95,85.75
HTFX1DPSA-Gray,FX SHO (08-11) / FX HO (10-11) / FZR & FZS (09-16),131.95,85.75
HTFX1DPSA-GRCA,FX SHO (08-11) / FX HO (10-11) / FZR & FZS (09-16),131.95,85.75
HTFX1DPSA-LG,FX SHO (08-11) / FX HO (10-11) / FZR & FZS (09-16),131.95,85.75
HTFX1DPSA-LGCA,FX SHO (08-11) / FX HO (10-11) / FZR & FZS (09-16),131.95,85.75
HTFX1DPSA-LTBLU,FX SHO (08-11) / FX HO (10-11) / FZR & FZS (09-16),131.95,85.75
HTFX1DPSA-ORAN,FX SHO (08-11) / FX HO (10-11) / FZR & FZS (09-16),131.95,85.75
HTFX1DPSA-PINK,FX SHO (08-11) / FX HO (10-11) / FZR & FZS (09-16),131.95,85.75
HTFX1DPSA-PLMA,FX SHO (08-11) / FX HO (10-11) / FZR & FZS (09-16),131.95,85.75
HTFX1DPSA-PRPL,FX SHO (08-11) / FX HO (10-11) / FZR & FZS (09-16),131.95,85.75
HTFX1DPSA-RBLU,FX SHO (08-11) / FX HO (10-11) / FZR & FZS (09-16),131.95,85.75
HTFX1DPSA-RDCA,FX SHO (08-11) / FX HO (10-11) / FZR & FZS (09-16),131.95,85.75
HTFX1DPSA-RED,FX SHO (08-11) / FX HO (10-11) / FZR & FZS (09-16),131.95,85.75
HTFX1DPSA-RLMA,FX SHO (08-11) / FX HO (10-11) / FZR & FZS (09-16),131.95,85.75
HTFX1DPSA-SNCA,FX SHO (08-11) / FX HO (10-11) / FZR & FZS (09-16),131.95,85.75
HTFX1DPSA-WHT,FX SHO (08-11) / FX HO (10-11) / FZR & FZS (09-16),131.95,85.75
HTFX1DPSA-Yell,FX SHO (08-11) / FX HO (10-11) / FZR & FZS (09-16),131.95,85.75
HTFX1DPSA-YLCA,FX SHO (08-11) / FX HO (10-11) / FZR & FZS (09-16),131.95,85.75
HTFX1GPSA-BLCA,FX SHO (08-11) / FX HO (10-11) / FZR & FZS (09-16),131.95,85.75
HTFX1GPSA-BLK,FX SHO (08-11) / FX HO (10-11) / FZR & FZS (09-16),131.95,85.75
HTFX1GPSA-BLMA,FX SHO (08-11) / FX HO (10-11) / FZR & FZS (09-16),131.95,85.75
HTFX1GPSA-DBlU,FX SHO (08-11) / FX HO (10-11) / FZR & FZS (09-16),131.95,85.75
HTFX1GPSA-DKGR,FX SHO (08-11) / FX HO (10-11) / FZR & FZS (09-16),131.95,85.75
HTFX1GPSA-Gray,FX SHO (08-11) / FX HO (10-11) / FZR & FZS (09-16),131.95,85.75
HTFX1GPSA-GRCA,FX SHO (08-11) / FX HO (10-11) / FZR & FZS (09-16),131.95,85.75
HTFX1GPSA-LG,FX SHO (08-11) / FX HO (10-11) / FZR & FZS (09-16),131.95,85.75
HTFX1GPSA-LGCA,FX SHO (08-11) / FX HO (10-11) / FZR & FZS (09-16),131.95,85.75
HTFX1GPSA-LTBLU,FX SHO (08-11) / FX HO (10-11) / FZR & FZS (09-16),131.95,85.75
HTFX1GPSA-ORAN,FX SHO (08-11) / FX HO (10-11) / FZR & FZS (09-16),131.95,85.75
HTFX1GPSA-PINK,FX SHO (08-11) / FX HO (10-11) / FZR & FZS (09-16),131.95,85.75
HTFX1GPSA-PLMA,FX SHO (08-11) / FX HO (10-11) / FZR & FZS (09-16),131.95,85.75
HTFX1GPSA-PRPL,FX SHO (08-11) / FX HO (10-11) / FZR & FZS (09-16),131.95,85.75
HTFX1GPSA-RBLU,FX SHO (08-11) / FX HO (10-11) / FZR & FZS (09-16),131.95,85.75
HTFX1GPSA-RDCA,FX SHO (08-11) / FX HO (10-11) / FZR & FZS (09-16),131.95,85.75
HTFX1GPSA-RED,FX SHO (08-11) / FX HO (10-11) / FZR & FZS (09-16),131.95,85.75
HTFX1GPSA-RLMA,FX SHO (08-11) / FX HO (10-11) / FZR & FZS (09-16),131.95,85.75
HTFX1GPSA-SNCA,FX SHO (08-11) / FX HO (10-11) / FZR & FZS (09-16),131.95,85.75
HTFX1GPSA-WHT,FX SHO (08-11) / FX HO (10-11) / FZR & FZS (09-16),131.95,85.75
HTFX1GPSA-Yell,FX SHO (08-11) / FX HO (10-11) / FZR & FZS (09-16),131.95,85.75
HTFX1GPSA-YLCA,FX SHO (08-11) / FX HO (10-11) / FZR & FZS (09-16),131.95,85.75
HTFX1-MDPSA-BLK,FX SHO (08-11) / FX HO (10-11) / FZR & FZS (09-16),131.95,85.75
HTFX1-MDPSA-DKGR,FX SHO (08-11) / FX HO (10-11) / FZR & FZS (09-16),131.95,85.75
HTFX1-MDPSA-Gray,FX SHO (08-11) / FX HO (10-11) / FZR & FZS (09-16),131.95,85.75
HTFX1-MDPSA-LG,FX SHO (08-11) / FX HO (10-11) / FZR & FZS (09-16),131.95,85.75
HTFX1-MDPSA-RBLU,FX SHO (08-11) / FX HO (10-11) / FZR & FZS (09-16),131.95,85.75
HTFX1-MDPSA-RED,FX SHO (08-11) / FX HO (10-11) / FZR & FZS (09-16),131.95,85.75
HTFX1-MDPSA-WHT,FX SHO (08-11) / FX HO (10-11) / FZR & FZS (09-16),131.95,85.75
HTFX2-2TDPSA-BLK-BLU,FX SHO/Cruiser 12-16 FX HO/SVHO/Cruiser/LTD 12-18,158.95,103.3
HTFX2-2TDPSA-BLK-DKG,FX SHO/Cruiser 12-16 FX HO/SVHO/Cruiser/LTD 12-18,158.95,103.3
HTFX2-2TDPSA-BLK-GRA,FX SHO/Cruiser 12-16 FX HO/SVHO/Cruiser/LTD 12-18,158.95,103.3
HTFX2-2TDPSA-BLK-LG,FX SHO/Cruiser 12-16 FX HO/SVHO/Cruiser/LTD 12-18,158.95,103.3
HTFX2-2TDPSA-BLK-ORA,FX SHO/Cruiser 12-16 FX HO/SVHO/Cruiser/LTD 12-18,158.95,103.3
HTFX2-2TDPSA-BLK-PIN,FX SHO/Cruiser 12-16 FX HO/SVHO/Cruiser/LTD 12-18,158.95,103.3
HTFX2-2TDPSA-BLK-RED,FX SHO/Cruiser 12-16 FX HO/SVHO/Cruiser/LTD 12-18,158.95,103.3
HTFX2-2TDPSA-BLK-WHT,FX SHO/Cruiser 12-16 FX HO/SVHO/Cruiser/LTD 12-18,158.95,103.3
HTFX2-2TDPSA-BLK-YL,FX SHO/Cruiser 12-16 FX HO/SVHO/Cruiser/LTD 12-18,158.95,103.3
HTFX2-2TDPSA-BLU-BLK,FX SHO/Cruiser 12-16 FX HO/SVHO/Cruiser/LTD 12-18,158.95,103.3
HTFX2-2TDPSA-DKG-BLK,FX SHO/Cruiser 12-16 FX HO/SVHO/Cruiser/LTD 12-18,158.95,103.3
HTFX2-2TDPSA-GRA-BLK,FX SHO/Cruiser 12-16 FX HO/SVHO/Cruiser/LTD 12-18,158.95,103.3
HTFX2-2TDPSA-LG-BLK,FX SHO/Cruiser 12-16 FX HO/SVHO/Cruiser/LTD 12-18,158.95,103.3
HTFX2-2TDPSA-RED-BLK,FX SHO/Cruiser 12-16 FX HO/SVHO/Cruiser/LTD 12-18,158.95,103.3
HTFX2-2TGPSA-BLK-BLU,"FX SHO/Cruiser 12-16  FX HO, SVHO, Cruiser/LTD 12-18",158.95,103.3
HTFX2-2TGPSA-BLK-DKG,"FX SHO/Cruiser 12-16  FX HO, SVHO, Cruiser/LTD 12-18",158.95,103.3
HTFX2-2TGPSA-BLK-GRA,FX SHO/Cruiser 12-16 FX HO/SVHO/Cruiser/LTD 12-18,158.95,103.3
HTFX2-2TGPSA-BLK-LG,FX SHO/Cruiser 12-16 FX HO/SVHO/Cruiser/LTD 12-18,158.95,103.3
HTFX2-2TGPSA-BLK-ORA,FX SHO/Cruiser 12-16 FX HO/SVHO/Cruiser/LTD 12-18,158.95,103.3
HTFX2-2TGPSA-BLK-PIN,FX SHO/Cruiser 12-16 FX HO/SVHO/Cruiser/LTD 12-18,158.95,103.3
HTFX2-2TGPSA-BLK-RED,FX SHO/Cruiser 12-16 FX HO/SVHO/Cruiser/LTD 12-18,158.95,103.3
HTFX2-2TGPSA-BLK-WHT,FX SHO/Cruiser 12-16 FX HO/SVHO/Cruiser/LTD 12-18,158.95,103.3
HTFX2-2TGPSA-BLK-YL,FX SHO/Cruiser 12-16 FX HO/SVHO/Cruiser/LTD 12-18,158.95,103.3
HTFX2-2TGPSA-BLU-BLK,FX SHO/Cruiser 12-16 FX HO/SVHO/Cruiser/LTD 12-18,158.95,103.3
HTFX2-2TGPSA-DKG-BLK,FX SHO/Cruiser 12-16 FX HO/SVHO/Cruiser/LTD 12-18,158.95,103.3
HTFX2-2TGPSA-GRA-BLK,FX SHO/Cruiser 12-16 FX HO/SVHO/Cruiser/LTD 12-18,158.95,103.3
HTFX2-2TGPSA-LG-BLK,FX SHO/Cruiser 12-16 FX HO/SVHO/Cruiser/LTD 12-18,158.95,103.3
HTFX2-2TGPSA-RED-BLK,FX SHO/Cruiser 12-16 FX HO/SVHO/Cruiser/LTD 12-18,158.95,103.3
HTFX2-2TG-RED-BLK,FX SHO/Cruiser 12-16 FX HO/SVHO/Cruiser/LTD 12-18,158.95,103.3
HTFX2DPSA-BLCA,FX SHO/Cruiser 12-16 FX HO/SVHO/Cruiser/LTD 12-18,131.95,85.75
HTFX2DPSA-BLK,"FX SHO/Cruiser 12-16  FX HO, SVHO, Cruiser/LTD 12-18",131.95,85.75
HTFX2DPSA-BLMA,"FX SHO/Cruiser 12-16  FX HO, SVHO, Cruiser/LTD 12-18",131.95,85.75
HTFX2DPSA-DBlU,FX SHO/Cruiser 12-16 FX HO/SVHO/Cruiser/LTD 12-18,131.95,85.75
HTFX2DPSA-DKGR,FX SHO/Cruiser 12-16 FX HO/SVHO/Cruiser/LTD 12-18,131.95,85.75
HTFX2DPSA-Gray,FX SHO/Cruiser 12-16 FX HO/SVHO/Cruiser/LTD 12-18,131.95,85.75
HTFX2DPSA-GRCA,FX SHO/Cruiser 12-16 FX HO/SVHO/Cruiser/LTD 12-18,131.95,85.75
HTFX2DPSA-LG,FX SHO/Cruiser 12-16 FX HO/SVHO/Cruiser/LTD 12-18,131.95,85.75
HTFX2DPSA-LGCA,FX SHO/Cruiser 12-16 FX HO/SVHO/Cruiser/LTD 12-18,131.95,85.75
HTFX2DPSA-LTBLU,FX SHO/Cruiser 12-16 FX HO/SVHO/Cruiser/LTD 12-18,131.95,85.75
HTFX2DPSA-ORAN,FX SHO/Cruiser 12-16 FX HO/SVHO/Cruiser/LTD 12-18,131.95,85.75
HTFX2DPSA-PINK,FX SHO/Cruiser 12-16 FX HO/SVHO/Cruiser/LTD 12-18,131.95,85.75
HTFX2DPSA-PLMA,FX SHO/Cruiser 12-16 FX HO/SVHO/Cruiser/LTD 12-18,131.95,85.75
HTFX2DPSA-PRPL,FX SHO/Cruiser 12-16 FX HO/SVHO/Cruiser/LTD 12-18,131.95,85.75
HTFX2DPSA-RBLU,FX SHO/Cruiser 12-16 FX HO/SVHO/Cruiser/LTD 12-18,131.95,85.75
HTFX2DPSA-RDCA,FX SHO/Cruiser 12-16 FX HO/SVHO/Cruiser/LTD 12-18,131.95,85.75
HTFX2DPSA-RED,FX SHO/Cruiser 12-16 FX HO/SVHO/Cruiser/LTD 12-18,131.95,85.75
HTFX2DPSA-RLMA,"FX SHO/Cruiser 12-16  FX HO, SVHO, Cruiser/LTD 12-18",131.95,85.75
HTFX2DPSA-SNCA,"FX SHO/Cruiser 12-16  FX HO, SVHO, Cruiser/LTD 12-18",131.95,85.75
HTFX2DPSA-WHT,FX SHO/Cruiser 12-16 FX HO/SVHO/Cruiser/LTD 12-18,131.95,85.75
HTFX2DPSA-Yell,FX SHO/Cruiser 12-16 FX HO/SVHO/Cruiser/LTD 12-18,131.95,85.75
HTFX2DPSA-YLCA,FX SHO/Cruiser 12-16 FX HO/SVHO/Cruiser/LTD 12-18,131.95,85.75
HTFX2GPSA-BLCA,FX SHO/Cruiser 12-16 FX HO/SVHO/Cruiser/LTD 12-18,131.95,85.75
HTFX2GPSA-BLK,FX SHO/Cruiser 12-16 FX HO/SVHO/Cruiser/LTD 12-18,131.95,85.75
HTFX2GPSA-BLMA,FX SHO/Cruiser 12-16 FX HO/SVHO/Cruiser/LTD 12-18,131.95,85.75
HTFX2GPSA-DBlU,FX SHO/Cruiser 12-16 FX HO/SVHO/Cruiser/LTD 12-18,131.95,85.75
HTFX2GPSA-DKGR,FX SHO/Cruiser 12-16 FX HO/SVHO/Cruiser/LTD 12-18,131.95,85.75
HTFX2GPSA-Gray,FX SHO/Cruiser 12-16 FX HO/SVHO/Cruiser/LTD 12-18,131.95,85.75
HTFX2GPSA-GRCA,FX SHO/Cruiser 12-16 FX HO/SVHO/Cruiser/LTD 12-18,131.95,85.75
HTFX2GPSA-LG,FX SHO/Cruiser 12-16 FX HO/SVHO/Cruiser/LTD 12-18,131.95,85.75
HTFX2GPSA-LGCA,FX SHO/Cruiser 12-16 FX HO/SVHO/Cruiser/LTD 12-18,131.95,85.75
HTFX2GPSA-LTBLU,FX SHO/Cruiser 12-16 FX HO/SVHO/Cruiser/LTD 12-18,131.95,85.75
HTFX2GPSA-ORAN,FX SHO/Cruiser 12-16 FX HO/SVHO/Cruiser/LTD 12-18,131.95,85.75
HTFX2GPSA-PINK,"FX SHO/Cruiser 12-16  FX HO, SVHO, Cruiser/LTD 12-18",131.95,85.75
HTFX2GPSA-PLMA,"FX SHO/Cruiser 12-16  FX HO, SVHO, Cruiser/LTD 12-18",131.95,85.75
HTFX2GPSA-PRPL,FX SHO/Cruiser 12-16 FX HO/SVHO/Cruiser/LTD 12-18,131.95,85.75
HTFX2GPSA-RBLU,FX SHO/Cruiser 12-16 FX HO/SVHO/Cruiser/LTD 12-18,131.95,85.75
HTFX2GPSA-RDCA,FX SHO/Cruiser 12-16 FX HO/SVHO/Cruiser/LTD 12-18,131.95,85.75
HTFX2GPSA-RED,FX SHO/Cruiser 12-16 FX HO/SVHO/Cruiser/LTD 12-18,131.95,85.75
HTFX2GPSA-RLMA,FX SHO/Cruiser 12-16 FX HO/SVHO/Cruiser/LTD 12-18,131.95,85.75
HTFX2GPSA-SNCA,FX SHO/Cruiser 12-16 FX HO/SVHO/Cruiser/LTD 12-18,131.95,85.75
HTFX2GPSA-WHT,FX SHO/Cruiser 12-16 FX HO/SVHO/Cruiser/LTD 12-18,131.95,85.75
HTFX2GPSA-Yell,FX SHO/Cruiser 12-16 FX HO/SVHO/Cruiser/LTD 12-18,131.95,85.75
HTFX2GPSA-YLCA,FX SHO/Cruiser 12-16 FX HO/SVHO/Cruiser/LTD 12-18,131.95,85.75
HTFX2-MDPSA-BLK,FX SHO/Cruiser 12-16 FX HO/SVHO/Cruiser/LTD 12-18,131.95,85.75
HTFX2-MDPSA-DKGR,FX SHO/Cruiser 12-16 FX HO/SVHO/Cruiser/LTD 12-18,131.95,85.75
HTFX2-MDPSA-Gray,FX SHO/Cruiser 12-16 FX HO/SVHO/Cruiser/LTD 12-18,131.95,85.75
HTFX2-MDPSA-LG,FX SHO/Cruiser 12-16 FX HO/SVHO/Cruiser/LTD 12-18,131.95,85.75
HTFX2-MDPSA-RBLU,FX SHO/Cruiser 12-16 FX HO/SVHO/Cruiser/LTD 12-18,131.95,85.75
HTFX2-MDPSA-RED,"FX SHO/Cruiser 12-16  FX HO, SVHO, Cruiser/LTD 12-18",131.95,85.75
HTFX2-MDPSA-WHT,"FX SHO/Cruiser 12-16  FX HO, SVHO, Cruiser/LTD 12-18",131.95,85.75
HTFX-2TDPSA-BLK-BLU,FX 140 / FX HO (02-09),158.95,103.3
HTFX-2TDPSA-BLK-DKGR,FX 140 / FX HO (02-09),158.95,103.3
HTFX-2TDPSA-BLK-GRA,FX 140 / FX HO (02-09),158.95,103.3
HTFX-2TDPSA-BLK-LG,FX 140 / FX HO (02-09),158.95,103.3
HTFX-2TDPSA-BLK-ORAN,FX 140 / FX HO (02-09),158.95,103.3
HTFX-2TDPSA-BLK-PINK,FX 140 / FX HO (02-09),158.95,103.3
HTFX-2TDPSA-BLK-RED,FX 140 / FX HO (02-09),158.95,103.3
HTFX-2TDPSA-BLK-WHT,FX 140 / FX HO (02-09),158.95,103.3
HTFX-2TDPSA-BLK-YELL,FX 140 / FX HO (02-09),158.95,103.3
HTFX-2TDPSA-BLU-BLK,FX 140 / FX HO (02-09),158.95,103.3
HTFX-2TDPSA-DKG-BLK,FX 140 / FX HO (02-09),158.95,103.3
HTFX-2TDPSA-GRA-BLK,FX 140 / FX HO (02-09),158.95,103.3
HTFX-2TDPSA-LG-BLK,FX 140 / FX HO (02-09),158.95,103.3
HTFX-2TDPSA-RED-BLK,FX 140 / FX HO (02-09),158.95,103.3
HTFX-2TGPSA-BLK-BLU,FX 140 / FX HO (02-09),158.95,103.3
HTFX-2TGPSA-BLK-DKGR,FX 140 / FX HO (02-09),158.95,103.3
HTFX-2TGPSA-BLK-GRA,FX 140 / FX HO (02-09),158.95,103.3
HTFX-2TGPSA-BLK-LG,FX 140 / FX HO (02-09),158.95,103.3
HTFX-2TGPSA-BLK-ORAN,FX 140 / FX HO (02-09),158.95,103.3
HTFX-2TGPSA-BLK-PINK,FX 140 / FX HO (02-09),158.95,103.3
HTFX-2TGPSA-BLK-RED,FX 140 / FX HO (02-09),158.95,103.3
HTFX-2TGPSA-BLK-WHT,FX 140 / FX HO (02-09),158.95,103.3
HTFX-2TGPSA-BLK-YELL,FX 140 / FX HO (02-09),158.95,103.3
HTFX-2TGPSA-BLU-BLK,FX 140 / FX HO (02-09),158.95,103.3
HTFX-2TGPSA-DKG-BLK,FX 140 / FX HO (02-09),158.95,103.3
HTFX-2TGPSA-GRA-BLK,FX 140 / FX HO (02-09),158.95,103.3
HTFX-2TGPSA-LG-BLK,FX 140 / FX HO (02-09),158.95,103.3
HTFX-2TGPSA-RED-BLK,FX 140 / FX HO (02-09),158.95,103.3
HTFX3-2TDPSA-BLK-BLU,FX (19-20),158.95,103.3
HTFX3-2TDPSA-BLK-DKG,FX (19-20),158.95,103.3
HTFX3-2TDPSA-BLK-GRA,FX (19-20),158.95,103.3
HTFX3-2TDPSA-BLK-LG,FX (19-20),158.95,103.3
HTFX3-2TDPSA-BLK-ORA,FX (19-20),158.95,103.3
HTFX3-2TDPSA-BLK-PIN,FX (19-20),158.95,103.3
HTFX3-2TDPSA-BLK-RED,FX (19-20),158.95,103.3
HTFX3-2TDPSA-BLK-WHT,FX (19-20),158.95,103.3
HTFX3-2TDPSA-BLK-YL,FX (19-20),158.95,103.3
HTFX3-2TDPSA-BLU-BLK,FX (19-20),158.95,103.3
HTFX3-2TDPSA-DKG-BLK,FX (19-20),158.95,103.3
HTFX3-2TDPSA-GRA-BLK,FX (19-20),158.95,103.3
HTFX3-2TDPSA-LG-BLK,FX (19-20),158.95,103.3
HTFX3-2TDPSA-RED-BLK,FX (19-20),158.95,103.3
HTFX3-2TGPSA-BLK-BLU,FX (19-20),158.95,103.3
HTFX3-2TGPSA-BLK-DKG,FX (19-20),158.95,103.3
HTFX3-2TGPSA-BLK-GRA,FX (19-20),158.95,103.3
HTFX3-2TGPSA-BLK-LG,FX (19-20),158.95,103.3
HTFX3-2TGPSA-BLK-ORA,FX (19-20),158.95,103.3
HTFX3-2TGPSA-BLK-PIN,FX (19-20),158.95,103.3
HTFX3-2TGPSA-BLK-RED,FX (19-20),158.95,103.3
HTFX3-2TGPSA-BLK-WHT,FX (19-20),158.95,103.3
HTFX3-2TGPSA-BLK-YL,FX (19-20),158.95,103.3
HTFX3-2TGPSA-BLU-BLK,FX (19-20),158.95,103.3
HTFX3-2TGPSA-DKG-BLK,FX (19-20),158.95,103.3
HTFX3-2TGPSA-GRA-BLK,FX (19-20),158.95,103.3
HTFX3-2TGPSA-LG-BLK,FX (19-20),158.95,103.3
HTFX3-2TGPSA-RED-BLK,FX (19-20),158.95,103.3
HTFX3DPSA-BLCA,FX (19-20),131.95,85.75
HTFX3DPSA-BLK,FX (19-20),131.95,85.75
HTFX3DPSA-BLMA,FX (19-20),131.95,85.75
HTFX3DPSA-DBlU,FX (19-20),131.95,85.75
HTFX3DPSA-DKGR,FX (19-20),131.95,85.75
HTFX3DPSA-Gray,FX (19-20),131.95,85.75
HTFX3DPSA-GRCA,FX (19-20),131.95,85.75
HTFX3DPSA-LG,FX (19-20),131.95,85.75
HTFX3DPSA-LGCA,FX (19-20),131.95,85.75
HTFX3DPSA-LTBLU,FX (19-20),131.95,85.75
HTFX3DPSA-ORAN,FX (19-20),131.95,85.75
HTFX3DPSA-PINK,FX (19-20),131.95,85.75
HTFX3DPSA-PLMA,FX (19-20),131.95,85.75
HTFX3DPSA-PRPL,FX (19-20),131.95,85.75
HTFX3DPSA-RBLU,FX (19-20),131.95,85.75
HTFX3DPSA-RDCA,FX (19-20),131.95,85.75
HTFX3DPSA-RED,FX (19-20),131.95,85.75
HTFX3DPSA-RLMA,FX (19-20),131.95,85.75
HTFX3DPSA-SNCA,FX (19-20),131.95,85.75
HTFX3DPSA-WHT,FX (19-20),131.95,85.75
HTFX3DPSA-Yell,FX (19-20),131.95,85.75
HTFX3DPSA-YLCA,FX (19-20),131.95,85.75
HTFX3GPSA-BLCA,FX (19-20),131.95,85.75
HTFX3GPSA-BLK,FX (19-20),131.95,85.75
HTFX3GPSA-BLMA,FX (19-20),131.95,85.75
HTFX3GPSA-DBlU,FX (19-20),131.95,85.75
HTFX3GPSA-DKGR,FX (19-20),131.95,85.75
HTFX3GPSA-Gray,FX (19-20),131.95,85.75
HTFX3GPSA-GRCA,FX (19-20),131.95,85.75
HTFX3GPSA-LG,FX (19-20),131.95,85.75
HTFX3GPSA-LGCA,FX (19-20),131.95,85.75
HTFX3GPSA-LTBLU,FX (19-20),131.95,85.75
HTFX3GPSA-ORAN,FX (19-20),131.95,85.75
HTFX3GPSA-PINK,FX (19-20),131.95,85.75
HTFX3GPSA-PLMA,FX (19-20),131.95,85.75
HTFX3GPSA-PRPL,FX (19-20),131.95,85.75
HTFX3GPSA-RBLU,FX (19-20),131.95,85.75
HTFX3GPSA-RDCA,FX (19-20),131.95,85.75
HTFX3GPSA-RED,FX (19-20),131.95,85.75
HTFX3GPSA-RLMA,FX (19-20),131.95,85.75
HTFX3GPSA-SNCA,FX (19-20),131.95,85.75
HTFX3GPSA-WHT,FX (19-20),131.95,85.75
HTFX3GPSA-Yell,FX (19-20),131.95,85.75
HTFX3GPSA-YLCA,FX (19-20),131.95,85.75
HTFX3-MDPSA-BLK,FX (19-20),131.95,85.75
HTFX3-MDPSA-DKGR,FX (19-20),131.95,85.75
HTFX3-MDPSA-Gray,FX (19-20),131.95,85.75
HTFX3-MDPSA-LG,FX (19-20),131.95,85.75
HTFX3-MDPSA-RBLU,FX (19-20),131.95,85.75
HTFX3-MDPSA-RED,FX (19-20),131.95,85.75
HTFX3-MDPSA-WHT,FX (19-20),131.95,85.75
HTFXDPSA-BLCA,FX 140 / FX HO (02-09),131.95,85.75
HTFXDPSA-BLK,FX 140 / FX HO (02-09),131.95,85.75
HTFXDPSA-BLMA,FX 140 / FX HO (02-09),131.95,85.75
HTFXDPSA-DBlU,FX 140 / FX HO (02-09),131.95,85.75
HTFXDPSA-DKGR,FX 140 / FX HO (02-09),131.95,85.75
HTFXDPSA-Gray,FX 140 / FX HO (02-09),131.95,85.75
HTFXDPSA-GRCA,FX 140 / FX HO (02-09),131.95,85.75
HTFXDPSA-LG,FX 140 / FX HO (02-09),131.95,85.75
HTFXDPSA-LGCA,FX 140 / FX HO (02-09),131.95,85.75
HTFXDPSA-LTBLU,FX 140 / FX HO (02-09),131.95,85.75
HTFXDPSA-ORAN,FX 140 / FX HO (02-09),131.95,85.75
HTFXDPSA-PINK,FX 140 / FX HO (02-09),131.95,85.75
HTFXDPSA-PLMA,FX 140 / FX HO (02-09),131.95,85.75
HTFXDPSA-PRPL,FX 140 / FX HO (02-09),131.95,85.75
HTFXDPSA-RBLU,FX 140 / FX HO (02-09),131.95,85.75
HTFXDPSA-RDCA,FX 140 / FX HO (02-09),131.95,85.75
HTFXDPSA-RED,FX 140 / FX HO (02-09),131.95,85.75
HTFXDPSA-RLMA,FX 140 / FX HO (02-09),131.95,85.75
HTFXDPSA-SNCA,FX 140 / FX HO (02-09),131.95,85.75
HTFXDPSA-WHT,FX 140 / FX HO (02-09),131.95,85.75
HTFXDPSA-Yell,FX 140 / FX HO (02-09),131.95,85.75
HTFXDPSA-YLCA,FX 140 / FX HO (02-09),131.95,85.75
HTFXGPSA-BLCA,FX 140 / FX HO (02-09),131.95,85.75
HTFXGPSA-BLK,FX 140 / FX HO (02-09),131.95,85.75
HTFXGPSA-BLMA,FX 140 / FX HO (02-09),131.95,85.75
HTFXGPSA-DBlU,FX 140 / FX HO (02-09),131.95,85.75
HTFXGPSA-DKGR,FX 140 / FX HO (02-09),131.95,85.75
HTFXGPSA-Gray,FX 140 / FX HO (02-09),131.95,85.75
HTFXGPSA-GRCA,FX 140 / FX HO (02-09),131.95,85.75
HTFXGPSA-LG,FX 140 / FX HO (02-09),131.95,85.75
HTFXGPSA-LGCA,FX 140 / FX HO (02-09),131.95,85.75
HTFXGPSA-LTBLU,FX 140 / FX HO (02-09),131.95,85.75
HTFXGPSA-ORAN,FX 140 / FX HO (02-09),131.95,85.75
HTFXGPSA-PINK,FX 140 / FX HO (02-09),131.95,85.75
HTFXGPSA-PLMA,FX 140 / FX HO (02-09),131.95,85.75
HTFXGPSA-PRPL,FX 140 / FX HO (02-09),131.95,85.75
HTFXGPSA-RBLU,FX 140 / FX HO (02-09),131.95,85.75
HTFXGPSA-RDCA,FX 140 / FX HO (02-09),131.95,85.75
HTFXGPSA-RED,FX 140 / FX HO (02-09),131.95,85.75
HTFXGPSA-RLMA,FX 140 / FX HO (02-09),131.95,85.75
HTFXGPSA-SNCA,FX 140 / FX HO (02-09),131.95,85.75
HTFXGPSA-WHT,FX 140 / FX HO (02-09),131.95,85.75
HTFXGPSA-Yell,FX 140 / FX HO (02-09),131.95,85.75
HTFXGPSA-YLCA,FX 140 / FX HO (02-09),131.95,85.75
HTFX-MDPSA-BLK,FX 140 / FX HO (02-09),131.95,85.75
HTFX-MDPSA-DKGR,FX 140 / FX HO (02-09),131.95,85.75
HTFX-MDPSA-Gray,FX 140 / FX HO (02-09),131.95,85.75
HTFX-MDPSA-LG,FX 140 / FX HO (02-09),131.95,85.75
HTFX-MDPSA-RBLU,FX 140 / FX HO (02-09),131.95,85.75
HTFX-MDPSA-RED,FX 140 / FX HO (02-09),131.95,85.75
HTFX-MDPSA-WHT,FX 140 / FX HO (02-09),131.95,85.75
HTSC-2TDPSA-BLK-BLU,SC (Superchicken),158.95,103.3
HTSC-2TDPSA-BLK-DKGR,SC (Superchicken),158.95,103.3
HTSC-2TDPSA-BLK-GRA,SC (Superchicken),158.95,103.3
HTSC-2TDPSA-BLK-LG,SC (Superchicken),158.95,103.3
HTSC-2TDPSA-BLK-ORAN,SC (Superchicken),158.95,103.3
HTSC-2TDPSA-BLK-PINK,SC (Superchicken),158.95,103.3
HTSC-2TDPSA-BLK-RED,SC (Superchicken),158.95,103.3
HTSC-2TDPSA-BLK-WHT,SC (Superchicken),158.95,103.3
HTSC-2TDPSA-BLK-YELL,SC (Superchicken),158.95,103.3
HTSC-2TDPSA-BLU-BLK,SC (Superchicken),158.95,103.3
HTSC-2TDPSA-DKG-BLK,SC (Superchicken),158.95,103.3
HTSC-2TDPSA-GRA-BLK,SC (Superchicken),158.95,103.3
HTSC-2TDPSA-LG-BLK,SC (Superchicken),158.95,103.3
HTSC-2TDPSA-RED-BLK,SC (Superchicken),158.95,103.3
HTSC-2TGPSA-BLK-BLU,SC (Superchicken),158.95,103.3
HTSC-2TGPSA-BLK-DKGR,SC (Superchicken),158.95,103.3
HTSC-2TGPSA-BLK-GRA,SC (Superchicken),158.95,103.3
HTSC-2TGPSA-BLK-LG,SC (Superchicken),158.95,103.3
HTSC-2TGPSA-BLK-ORAN,SC (Superchicken),158.95,103.3
HTSC-2TGPSA-BLK-PINK,SC (Superchicken),158.95,103.3
HTSC-2TGPSA-BLK-RED,SC (Superchicken),158.95,103.3
HTSC-2TGPSA-BLK-WHT,SC (Superchicken),158.95,103.3
HTSC-2TGPSA-BLK-YELL,SC (Superchicken),158.95,103.3
HTSC-2TGPSA-BLU-BLK,SC (Superchicken),158.95,103.3
HTSC-2TGPSA-DKG-BLK,SC (Superchicken),158.95,103.3
HTSC-2TGPSA-GRA-BLK,SC (Superchicken),158.95,103.3
HTSC-2TGPSA-LG-BLK,SC (Superchicken),158.95,103.3
HTSC-2TGPSA-RED-BLK,SC (Superchicken),158.95,103.3
HTSCDPSA-BLCA,SC (Superchicken),131.95,85.75
HTSCDPSA-BLK,SC (Superchicken),131.95,85.75
HTSCDPSA-BLMA,SC (Superchicken),131.95,85.75
HTSCDPSA-DBlU,SC (Superchicken),131.95,85.75
HTSCDPSA-DKGR,SC (Superchicken),131.95,85.75
HTSCDPSA-Gray,SC (Superchicken),131.95,85.75
HTSCDPSA-GRCA,SC (Superchicken),131.95,85.75
HTSCDPSA-LG,SC (Superchicken),131.95,85.75
HTSCDPSA-LGCA,SC (Superchicken),131.95,85.75
HTSCDPSA-LTBLU,SC (Superchicken),131.95,85.75
HTSCDPSA-ORAN,SC (Superchicken),131.95,85.75
HTSCDPSA-PINK,SC (Superchicken),131.95,85.75
HTSCDPSA-PLMA,SC (Superchicken),131.95,85.75
HTSCDPSA-PRPL,SC (Superchicken),131.95,85.75
HTSCDPSA-RBLU,SC (Superchicken),131.95,85.75
HTSCDPSA-RDCA,SC (Superchicken),131.95,85.75
HTSCDPSA-RED,SC (Superchicken),131.95,85.75
HTSCDPSA-RLMA,SC (Superchicken),131.95,85.75
HTSCDPSA-SNCA,SC (Superchicken),131.95,85.75
HTSCDPSA-WHT,SC (Superchicken),131.95,85.75
HTSCDPSA-Yell,SC (Superchicken),131.95,85.75
HTSCDPSA-YLCA,SC (Superchicken),131.95,85.75
HTSCGPSA-BLCA,SC (Superchicken),131.95,85.75
HTSCGPSA-BLK,SC (Superchicken),131.95,85.75
HTSCGPSA-BLMA,SC (Superchicken),131.95,85.75
HTSCGPSA-DBlU,SC (Superchicken),131.95,85.75
HTSCGPSA-DKGR,SC (Superchicken),131.95,85.75
HTSCGPSA-Gray,SC (Superchicken),131.95,85.75
HTSCGPSA-GRCA,SC (Superchicken),131.95,85.75
HTSCGPSA-LG,SC (Superchicken),131.95,85.75
HTSCGPSA-LGCA,SC (Superchicken),131.95,85.75
HTSCGPSA-LTBLU,SC (Superchicken),131.95,85.75
HTSCGPSA-ORAN,SC (Superchicken),131.95,85.75
HTSCGPSA-PINK,SC (Superchicken),131.95,85.75
HTSCGPSA-PLMA,SC (Superchicken),131.95,85.75
HTSCGPSA-PRPL,SC (Superchicken),131.95,85.75
HTSCGPSA-RBLU,SC (Superchicken),131.95,85.75
HTSCGPSA-RDCA,SC (Superchicken),131.95,85.75
HTSCGPSA-RED,SC (Superchicken),131.95,85.75
HTSCGPSA-RLMA,SC (Superchicken),131.95,85.75
HTSCGPSA-SNCA,SC (Superchicken),131.95,85.75
HTSCGPSA-WHT,SC (Superchicken),131.95,85.75
HTSCGPSA-Yell,SC (Superchicken),131.95,85.75
HTSCGPSA-YLCA,SC (Superchicken),131.95,85.75
HTSCMDPSA-BLK,SC (Superchicken),131.95,85.75
HTSCMDPSA-DKGR,SC (Superchicken),131.95,85.75
HTSCMDPSA-Gray,SC (Superchicken),131.95,85.75
HTSCMDPSA-LG,SC (Superchicken),131.95,85.75
HTSCMDPSA-RBLU,SC (Superchicken),131.95,85.75
HTSCMDPSA-RED,SC (Superchicken),131.95,85.75
HTSCMDPSA-WHT,SC (Superchicken),131.95,85.75
HTVX1-2TDPSA-BLK-BLU,VX/ VXR/VXS/VX Sport/DLX/Cruiser 10-14  V1/Sport 15-16,158.95,103.3
HTVX1-2TDPSA-BLK-DKG,VX/ VXR/VXS/VX Sport/DLX/Cruiser 10-14  V1/Sport 15-16,158.95,103.3
HTVX1-2TDPSA-BLK-GRA,VX/ VXR/VXS/VX Sport/DLX/Cruiser 10-14  V1/Sport 15-16,158.95,103.3
HTVX1-2TDPSA-BLK-LG,VX/ VXR/VXS/VX Sport/DLX/Cruiser 10-14  V1/Sport 15-16,158.95,103.3
HTVX1-2TDPSA-BLK-ORA,VX/ VXR/VXS/VX Sport/DLX/Cruiser 10-14  V1/Sport 15-16,158.95,103.3
HTVX1-2TDPSA-BLK-PIN,VX/ VXR/VXS/VX Sport/DLX/Cruiser 10-14  V1/Sport 15-16,158.95,103.3
HTVX1-2TDPSA-BLK-RED,VX/ VXR/VXS/VX Sport/DLX/Cruiser 10-14  V1/Sport 15-16,158.95,103.3
HTVX1-2TDPSA-BLK-WHT,VX/ VXR/VXS/VX Sport/DLX/Cruiser 10-14  V1/Sport 15-16,158.95,103.3
HTVX1-2TDPSA-BLK-YL,VX/ VXR/VXS/VX Sport/DLX/Cruiser 10-14  V1/Sport 15-16,158.95,103.3
HTVX1-2TDPSA-BLU-BLK,VX/ VXR/VXS/VX Sport/DLX/Cruiser 10-14  V1/Sport 15-16,158.95,103.3
HTVX1-2TDPSA-DKG-BLK,VX/ VXR/VXS/VX Sport/DLX/Cruiser 10-14  V1/Sport 15-16,158.95,103.3
HTVX1-2TDPSA-GRA-BLK,VX/ VXR/VXS/VX Sport/DLX/Cruiser 10-14  V1/Sport 15-16,158.95,103.3
HTVX1-2TDPSA-LG-BLK,VX/ VXR/VXS/VX Sport/DLX/Cruiser 10-14  V1/Sport 15-16,158.95,103.3
HTVX1-2TDPSA-RED-BLK,VX/ VXR/VXS/VX Sport/DLX/Cruiser 10-14  V1/Sport 15-16,158.95,103.3
HTVX1-2TGPSA-BLK-BLU,VX/ VXR/VXS/VX Sport/DLX/Cruiser 10-14  V1/Sport 15-16,158.95,103.3
HTVX1-2TGPSA-BLK-DKG,VX/ VXR/VXS/VX Sport/DLX/Cruiser 10-14  V1/Sport 15-16,158.95,103.3
HTVX1-2TGPSA-BLK-GRA,VX/ VXR/VXS/VX Sport/DLX/Cruiser 10-14  V1/Sport 15-16,158.95,103.3
HTVX1-2TGPSA-BLK-LG,VX/ VXR/VXS/VX Sport/DLX/Cruiser 10-14  V1/Sport 15-16,158.95,103.3
HTVX1-2TGPSA-BLK-ORA,VX/ VXR/VXS/VX Sport/DLX/Cruiser 10-14  V1/Sport 15-16,158.95,103.3
HTVX1-2TGPSA-BLK-PIN,VX/ VXR/VXS/VX Sport/DLX/Cruiser 10-14  V1/Sport 15-16,158.95,103.3
HTVX1-2TGPSA-BLK-RED,VX/ VXR/VXS/VX Sport/DLX/Cruiser 10-14  V1/Sport 15-16,158.95,103.3
HTVX1-2TGPSA-BLK-WHT,VX/ VXR/VXS/VX Sport/DLX/Cruiser 10-14  V1/Sport 15-16,158.95,103.3
HTVX1-2TGPSA-BLK-YL,VX/ VXR/VXS/VX Sport/DLX/Cruiser 10-14  V1/Sport 15-16,158.95,103.3
HTVX1-2TGPSA-BLU-BLK,VX/ VXR/VXS/VX Sport/DLX/Cruiser 10-14  V1/Sport 15-16,158.95,103.3
HTVX1-2TGPSA-DKG-BLK,VX/ VXR/VXS/VX Sport/DLX/Cruiser 10-14  V1/Sport 15-16,158.95,103.3
HTVX1-2TGPSA-GRA-BLK,VX/ VXR/VXS/VX Sport/DLX/Cruiser 10-14  V1/Sport 15-16,158.95,103.3
HTVX1-2TGPSA-LG-BLK,VX/ VXR/VXS/VX Sport/DLX/Cruiser 10-14  V1/Sport 15-16,158.95,103.3
HTVX1-2TGPSA-RED-BLK,VX/ VXR/VXS/VX Sport/DLX/Cruiser 10-14  V1/Sport 15-16,158.95,103.3
HTVX1DPSA-BLCA,VX/ VXR/VXS/VX Sport/DLX/Cruiser 10-14  V1/Sport 15-16,131.95,85.75
HTVX1DPSA-BLK,VX/ VXR/VXS/VX Sport/DLX/Cruiser 10-14  V1/Sport 15-16,131.95,85.75
HTVX1DPSA-BLMA,VX/ VXR/VXS/VX Sport/DLX/Cruiser 10-14  V1/Sport 15-16,131.95,85.75
HTVX1DPSA-DBlU,VX/ VXR/VXS/VX Sport/DLX/Cruiser 10-14  V1/Sport 15-16,131.95,85.75
HTVX1DPSA-DKGR,VX/ VXR/VXS/VX Sport/DLX/Cruiser 10-14  V1/Sport 15-16,131.95,85.75
HTVX1DPSA-Gray,VX/ VXR/VXS/VX Sport/DLX/Cruiser 10-14  V1/Sport 15-16,131.95,85.75
HTVX1DPSA-GRCA,VX/ VXR/VXS/VX Sport/DLX/Cruiser 10-14  V1/Sport 15-16,131.95,85.75
HTVX1DPSA-LG,VX/ VXR/VXS/VX Sport/DLX/Cruiser 10-14  V1/Sport 15-16,131.95,85.75
HTVX1DPSA-LGCA,VX/ VXR/VXS/VX Sport/DLX/Cruiser 10-14  V1/Sport 15-16,131.95,85.75
HTVX1DPSA-LTBLU,VX/ VXR/VXS/VX Sport/DLX/Cruiser 10-14  V1/Sport 15-16,131.95,85.75
HTVX1DPSA-ORAN,VX/ VXR/VXS/VX Sport/DLX/Cruiser 10-14  V1/Sport 15-16,131.95,85.75
HTVX1DPSA-PINK,VX/ VXR/VXS/VX Sport/DLX/Cruiser 10-14  V1/Sport 15-16,131.95,85.75
HTVX1DPSA-PLMA,VX/ VXR/VXS/VX Sport/DLX/Cruiser 10-14  V1/Sport 15-16,131.95,85.75
HTVX1DPSA-PRPL,VX/ VXR/VXS/VX Sport/DLX/Cruiser 10-14  V1/Sport 15-16,131.95,85.75
HTVX1DPSA-RBLU,VX/ VXR/VXS/VX Sport/DLX/Cruiser 10-14  V1/Sport 15-16,131.95,85.75
HTVX1DPSA-RDCA,VX/ VXR/VXS/VX Sport/DLX/Cruiser 10-14  V1/Sport 15-16,131.95,85.75
HTVX1DPSA-RED,VX/ VXR/VXS/VX Sport/DLX/Cruiser 10-14  V1/Sport 15-16,131.95,85.75
HTVX1DPSA-RLMA,VX/ VXR/VXS/VX Sport/DLX/Cruiser 10-14  V1/Sport 15-16,131.95,85.75
HTVX1DPSA-SNCA,VX/ VXR/VXS/VX Sport/DLX/Cruiser 10-14  V1/Sport 15-16,131.95,85.75
HTVX1DPSA-WHT,VX/ VXR/VXS/VX Sport/DLX/Cruiser 10-14  V1/Sport 15-16,131.95,85.75
HTVX1DPSA-Yell,VX/ VXR/VXS/VX Sport/DLX/Cruiser 10-14  V1/Sport 15-16,131.95,85.75
HTVX1DPSA-YLCA,VX/ VXR/VXS/VX Sport/DLX/Cruiser 10-14  V1/Sport 15-16,131.95,85.75
HTVX1GPSA-BLCA,VX/ VXR/VXS/VX Sport/DLX/Cruiser 10-14  V1/Sport 15-16,131.95,85.75
HTVX1GPSA-BLK,VX/ VXR/VXS/VX Sport/DLX/Cruiser 10-14  V1/Sport 15-16,131.95,85.75
HTVX1GPSA-BLMA,VX/ VXR/VXS/VX Sport/DLX/Cruiser 10-14  V1/Sport 15-16,131.95,85.75
HTVX1GPSA-DBlU,VX/ VXR/VXS/VX Sport/DLX/Cruiser 10-14  V1/Sport 15-16,131.95,85.75
HTVX1GPSA-DKGR,VX/ VXR/VXS/VX Sport/DLX/Cruiser 10-14  V1/Sport 15-16,131.95,85.75
HTVX1GPSA-Gray,VX/ VXR/VXS/VX Sport/DLX/Cruiser 10-14  V1/Sport 15-16,131.95,85.75
HTVX1GPSA-GRCA,VX/ VXR/VXS/VX Sport/DLX/Cruiser 10-14  V1/Sport 15-16,131.95,85.75
HTVX1GPSA-LG,VX/ VXR/VXS/VX Sport/DLX/Cruiser 10-14  V1/Sport 15-16,131.95,85.75
HTVX1GPSA-LGCA,VX/ VXR/VXS/VX Sport/DLX/Cruiser 10-14  V1/Sport 15-16,131.95,85.75
HTVX1GPSA-LTBLU,VX/ VXR/VXS/VX Sport/DLX/Cruiser 10-14  V1/Sport 15-16,131.95,85.75
HTVX1GPSA-ORAN,VX/ VXR/VXS/VX Sport/DLX/Cruiser 10-14  V1/Sport 15-16,131.95,85.75
HTVX1GPSA-PINK,VX/ VXR/VXS/VX Sport/DLX/Cruiser 10-14  V1/Sport 15-16,131.95,85.75
HTVX1GPSA-PLMA,VX/ VXR/VXS/VX Sport/DLX/Cruiser 10-14  V1/Sport 15-16,131.95,85.75
HTVX1GPSA-PRPL,VX/ VXR/VXS/VX Sport/DLX/Cruiser 10-14  V1/Sport 15-16,131.95,85.75
HTVX1GPSA-RBLU,VX/ VXR/VXS/VX Sport/DLX/Cruiser 10-14  V1/Sport 15-16,131.95,85.75
HTVX1GPSA-RDCA,VX/ VXR/VXS/VX Sport/DLX/Cruiser 10-14  V1/Sport 15-16,131.95,85.75
HTVX1GPSA-RED,VX/ VXR/VXS/VX Sport/DLX/Cruiser 10-14  V1/Sport 15-16,131.95,85.75
HTVX1GPSA-RLMA,VX/ VXR/VXS/VX Sport/DLX/Cruiser 10-14  V1/Sport 15-16,131.95,85.75
HTVX1GPSA-SNCA,VX/ VXR/VXS/VX Sport/DLX/Cruiser 10-14  V1/Sport 15-16,131.95,85.75
HTVX1GPSA-WHT,VX/ VXR/VXS/VX Sport/DLX/Cruiser 10-14  V1/Sport 15-16,131.95,85.75
HTVX1GPSA-Yell,VX/ VXR/VXS/VX Sport/DLX/Cruiser 10-14  V1/Sport 15-16,131.95,85.75
HTVX1GPSA-YLCA,VX/ VXR/VXS/VX Sport/DLX/Cruiser 10-14  V1/Sport 15-16,131.95,85.75
HTVX1-MDPSA-BLK,VX/ VXR/VXS/VX Sport/DLX/Cruiser 10-14  V1/Sport 15-16,131.95,85.75
HTVX1-MDPSA-DKGR,VX/ VXR/VXS/VX Sport/DLX/Cruiser 10-14  V1/Sport 15-16,131.95,85.75
HTVX1-MDPSA-Gray,VX/ VXR/VXS/VX Sport/DLX/Cruiser 10-14  V1/Sport 15-16,131.95,85.75
HTVX1-MDPSA-LG,VX/ VXR/VXS/VX Sport/DLX/Cruiser 10-14  V1/Sport 15-16,131.95,85.75
HTVX1-MDPSA-RBLU,VX/ VXR/VXS/VX Sport/DLX/Cruiser 10-14  V1/Sport 15-16,131.95,85.75
HTVX1-MDPSA-RED,VX/ VXR/VXS/VX Sport/DLX/Cruiser 10-14  V1/Sport 15-16,131.95,85.75
HTVX1-MDPSA-WHT,VX/ VXR/VXS/VX Sport/DLX/Cruiser 10-14  V1/Sport 15-16,131.95,85.75
HTVX2-2TDPSA-BLK-BLU,VX/R/S VX LTD/Cruiser/HO VX Deluxe 15-20  GP1800 17-20,158.95,103.3
HTVX2-2TDPSA-BLK-DKG,VX/R/S VX LTD/Cruiser/HO VX Deluxe 15-20  GP1800 17-20,158.95,103.3
HTVX2-2TDPSA-BLK-GRA,VX/R/S VX LTD/Cruiser/HO VX Deluxe 15-20  GP1800 17-20,158.95,103.3
HTVX2-2TDPSA-BLK-LG,VX/R/S VX LTD/Cruiser/HO VX Deluxe 15-20  GP1800 17-20,158.95,103.3
HTVX2-2TDPSA-BLK-ORA,VX/R/S VX LTD/Cruiser/HO VX Deluxe 15-20  GP1800 17-20,158.95,103.3
HTVX2-2TDPSA-BLK-PIN,VX/R/S VX LTD/Cruiser/HO VX Deluxe 15-20  GP1800 17-20,158.95,103.3
HTVX2-2TDPSA-BLK-RED,VX/R/S VX LTD/Cruiser/HO VX Deluxe 15-20  GP1800 17-20,158.95,103.3
HTVX2-2TDPSA-BLK-WHT,VX/R/S VX LTD/Cruiser/HO VX Deluxe 15-20  GP1800 17-20,158.95,103.3
HTVX2-2TDPSA-BLK-YL,VX/R/S VX LTD/Cruiser/HO VX Deluxe 15-20  GP1800 17-20,158.95,103.3
HTVX2-2TDPSA-BLU-BLK,VX/R/S VX LTD/Cruiser/HO VX Deluxe 15-20  GP1800 17-20,158.95,103.3
HTVX2-2TDPSA-DKG-BLK,VX/R/S VX LTD/Cruiser/HO VX Deluxe 15-20  GP1800 17-20,158.95,103.3
HTVX2-2TDPSA-GRA-BLK,VX/R/S VX LTD/Cruiser/HO VX Deluxe 15-20  GP1800 17-20,158.95,103.3
HTVX2-2TDPSA-LG-BLK,VX/R/S VX LTD/Cruiser/HO VX Deluxe 15-20  GP1800 17-20,158.95,103.3
HTVX2-2TDPSA-RED-BLK,VX/R/S VX LTD/Cruiser/HO VX Deluxe 15-20  GP1800 17-20,158.95,103.3
HTVX2-2TGPSA-BLK-BLU,VX/R/S VX LTD/Cruiser/HO VX Deluxe 15-20  GP1800 17-20,158.95,103.3
HTVX2-2TGPSA-BLK-DKG,VX/R/S VX LTD/Cruiser/HO VX Deluxe 15-20  GP1800 17-20,158.95,103.3
HTVX2-2TGPSA-BLK-GRA,VX/R/S VX LTD/Cruiser/HO VX Deluxe 15-20  GP1800 17-20,158.95,103.3
HTVX2-2TGPSA-BLK-LG,VX/R/S VX LTD/Cruiser/HO VX Deluxe 15-20  GP1800 17-20,158.95,103.3
HTVX2-2TGPSA-BLK-ORA,VX/R/S VX LTD/Cruiser/HO VX Deluxe 15-20  GP1800 17-20,158.95,103.3
HTVX2-2TGPSA-BLK-PIN,VX/R/S VX LTD/Cruiser/HO VX Deluxe 15-20  GP1800 17-20,158.95,103.3
HTVX2-2TGPSA-BLK-RED,VX/R/S VX LTD/Cruiser/HO VX Deluxe 15-20  GP1800 17-20,158.95,103.3
HTVX2-2TGPSA-BLK-WHT,VX/R/S VX LTD/Cruiser/HO VX Deluxe 15-20  GP1800 17-20,158.95,103.3
HTVX2-2TGPSA-BLK-YL,VX/R/S VX LTD/Cruiser/HO VX Deluxe 15-20  GP1800 17-20,158.95,103.3
HTVX2-2TGPSA-BLU-BLK,VX/R/S VX LTD/Cruiser/HO VX Deluxe 15-20  GP1800 17-20,158.95,103.3
HTVX2-2TGPSA-DKG-BLK,VX/R/S VX LTD/Cruiser/HO VX Deluxe 15-20  GP1800 17-20,158.95,103.3
HTVX2-2TGPSA-GRA-BLK,VX/R/S VX LTD/Cruiser/HO VX Deluxe 15-20  GP1800 17-20,158.95,103.3
HTVX2-2TGPSA-LG-BLK,VX/R/S VX LTD/Cruiser/HO VX Deluxe 15-20  GP1800 17-20,158.95,103.3
HTVX2-2TGPSA-RED-BLK,VX/R/S VX LTD/Cruiser/HO VX Deluxe 15-20  GP1800 17-20,158.95,103.3
HTVX2DPSA-BLCA,VX/R/S VX LTD/Cruiser/HO VX Deluxe 15-20  GP1800 17-20,131.95,85.75
HTVX2DPSA-BLK,VX/R/S VX LTD/Cruiser/HO VX Deluxe 15-20  GP1800 17-20,131.95,85.75
HTVX2DPSA-BLMA,VX/R/S VX LTD/Cruiser/HO VX Deluxe 15-20  GP1800 17-20,131.95,85.75
HTVX2DPSA-DBlU,VX/R/S VX LTD/Cruiser/HO VX Deluxe 15-20  GP1800 17-20,131.95,85.75
HTVX2DPSA-DKGR,VX/R/S VX LTD/Cruiser/HO VX Deluxe 15-20  GP1800 17-20,131.95,85.75
HTVX2DPSA-Gray,VX/R/S VX LTD/Cruiser/HO VX Deluxe 15-20  GP1800 17-20,131.95,85.75
HTVX2DPSA-GRCA,VX/R/S VX LTD/Cruiser/HO VX Deluxe 15-20  GP1800 17-20,131.95,85.75
HTVX2DPSA-LG,VX/R/S VX LTD/Cruiser/HO VX Deluxe 15-20  GP1800 17-20,131.95,85.75
HTVX2DPSA-LGCA,VX/R/S VX LTD/Cruiser/HO VX Deluxe 15-20  GP1800 17-20,131.95,85.75
HTVX2DPSA-LTBLU,VX/R/S VX LTD/Cruiser/HO VX Deluxe 15-20  GP1800 17-20,131.95,85.75
HTVX2DPSA-ORAN,VX/R/S VX LTD/Cruiser/HO VX Deluxe 15-20  GP1800 17-20,131.95,85.75
HTVX2DPSA-PINK,VX/R/S VX LTD/Cruiser/HO VX Deluxe 15-20  GP1800 17-20,131.95,85.75
HTVX2DPSA-PLMA,VX/R/S VX LTD/Cruiser/HO VX Deluxe 15-20  GP1800 17-20,131.95,85.75
HTVX2DPSA-PRPL,VX/R/S VX LTD/Cruiser/HO VX Deluxe 15-20  GP1800 17-20,131.95,85.75
HTVX2DPSA-RBLU,VX/R/S VX LTD/Cruiser/HO VX Deluxe 15-20  GP1800 17-20,131.95,85.75
HTVX2DPSA-RDCA,VX/R/S VX LTD/Cruiser/HO VX Deluxe 15-20  GP1800 17-20,131.95,85.75
HTVX2DPSA-RED,VX/R/S VX LTD/Cruiser/HO VX Deluxe 15-20  GP1800 17-20,131.95,85.75
HTVX2DPSA-RLMA,VX/R/S VX LTD/Cruiser/HO VX Deluxe 15-20  GP1800 17-20,131.95,85.75
HTVX2DPSA-SNCA,VX/R/S VX LTD/Cruiser/HO VX Deluxe 15-20  GP1800 17-20,131.95,85.75
HTVX2DPSA-WHT,VX/R/S VX LTD/Cruiser/HO VX Deluxe 15-20  GP1800 17-20,131.95,85.75
HTVX2DPSA-Yell,VX/R/S VX LTD/Cruiser/HO VX Deluxe 15-20  GP1800 17-20,131.95,85.75
HTVX2DPSA-YLCA,VX/R/S VX LTD/Cruiser/HO VX Deluxe 15-20  GP1800 17-20,131.95,85.75
HTVX2GPSA-BLCA,VX/R/S VX LTD/Cruiser/HO VX Deluxe 15-20  GP1800 17-20,131.95,85.75
HTVX2GPSA-BLK,VX/R/S VX LTD/Cruiser/HO VX Deluxe 15-20  GP1800 17-20,131.95,85.75
HTVX2GPSA-BLMA,VX/R/S VX LTD/Cruiser/HO VX Deluxe 15-20  GP1800 17-20,131.95,85.75
HTVX2GPSA-DBlU,VX/R/S VX LTD/Cruiser/HO VX Deluxe 15-20  GP1800 17-20,131.95,85.75
HTVX2GPSA-DKGR,VX/R/S VX LTD/Cruiser/HO VX Deluxe 15-20  GP1800 17-20,131.95,85.75
HTVX2GPSA-Gray,VX/R/S VX LTD/Cruiser/HO VX Deluxe 15-20  GP1800 17-20,131.95,85.75
HTVX2GPSA-GRCA,VX/R/S VX LTD/Cruiser/HO VX Deluxe 15-20  GP1800 17-20,131.95,85.75
HTVX2GPSA-LG,VX/R/S VX LTD/Cruiser/HO VX Deluxe 15-20  GP1800 17-20,131.95,85.75
HTVX2GPSA-LGCA,VX/R/S VX LTD/Cruiser/HO VX Deluxe 15-20  GP1800 17-20,131.95,85.75
HTVX2GPSA-LTBLU,VX/R/S VX LTD/Cruiser/HO VX Deluxe 15-20  GP1800 17-20,131.95,85.75
HTVX2GPSA-ORAN,VX/R/S VX LTD/Cruiser/HO VX Deluxe 15-20  GP1800 17-20,131.95,85.75
HTVX2GPSA-PINK,VX/R/S VX LTD/Cruiser/HO VX Deluxe 15-20  GP1800 17-20,131.95,85.75
HTVX2GPSA-PLMA,VX/R/S VX LTD/Cruiser/HO VX Deluxe 15-20  GP1800 17-20,131.95,85.75
HTVX2GPSA-PRPL,VX/R/S VX LTD/Cruiser/HO VX Deluxe 15-20  GP1800 17-20,131.95,85.75
HTVX2GPSA-RBLU,VX/R/S VX LTD/Cruiser/HO VX Deluxe 15-20  GP1800 17-20,131.95,85.75
HTVX2GPSA-RDCA,VX/R/S VX LTD/Cruiser/HO VX Deluxe 15-20  GP1800 17-20,131.95,85.75
HTVX2GPSA-RED,VX/R/S VX LTD/Cruiser/HO VX Deluxe 15-20  GP1800 17-20,131.95,85.75
HTVX2GPSA-RLMA,VX/R/S VX LTD/Cruiser/HO VX Deluxe 15-20  GP1800 17-20,131.95,85.75
HTVX2GPSA-SNCA,VX/R/S VX LTD/Cruiser/HO VX Deluxe 15-20  GP1800 17-20,131.95,85.75
HTVX2GPSA-WHT,VX/R/S VX LTD/Cruiser/HO VX Deluxe 15-20  GP1800 17-20,131.95,85.75
HTVX2GPSA-Yell,VX/R/S VX LTD/Cruiser/HO VX Deluxe 15-20  GP1800 17-20,131.95,85.75
HTVX2GPSA-YLCA,VX/R/S VX LTD/Cruiser/HO VX Deluxe 15-20  GP1800 17-20,131.95,85.75
HTVX2-MDPSA-BLK,VX/R/S VX LTD/Cruiser/HO VX Deluxe 15-20  GP1800 17-20,131.95,85.75
HTVX2-MDPSA-DKGR,VX/R/S VX LTD/Cruiser/HO VX Deluxe 15-20  GP1800 17-20,131.95,85.75
HTVX2-MDPSA-Gray,VX/R/S VX LTD/Cruiser/HO VX Deluxe 15-20  GP1800 17-20,131.95,85.75
HTVX2-MDPSA-LG,VX/R/S VX LTD/Cruiser/HO VX Deluxe 15-20  GP1800 17-20,131.95,85.75
HTVX2-MDPSA-RBLU,VX/R/S VX LTD/Cruiser/HO VX Deluxe 15-20  GP1800 17-20,131.95,85.75
HTVX2-MDPSA-RED,VX/R/S VX LTD/Cruiser/HO VX Deluxe 15-20  GP1800 17-20,131.95,85.75
HTVX2-MDPSA-WHT,VX/R/S VX LTD/Cruiser/HO VX Deluxe 15-20  GP1800 17-20,131.95,85.75
HTVX-2TDPSA-BLK,VX 110 (05-09),158.95,103.3
HTVX-2TDPSA-BLK-BLU,VX 110 (05-09),158.95,103.3
HTVX-2TDPSA-BLK-DKGR,VX 110 (05-09),158.95,103.3
HTVX-2TDPSA-BLK-GRA,VX 110 (05-09),158.95,103.3
HTVX-2TDPSA-BLK-LG,VX 110 (05-09),158.95,103.3
HTVX-2TDPSA-BLK-ORAN,VX 110 (05-09),158.95,103.3
HTVX-2TDPSA-BLK-PINK,VX 110 (05-09),158.95,103.3
HTVX-2TDPSA-BLK-RED,VX 110 (05-09),158.95,103.3
HTVX-2TDPSA-BLK-WHT,VX 110 (05-09),158.95,103.3
HTVX-2TDPSA-BLK-YELL,VX 110 (05-09),158.95,103.3
HTVX-2TDPSA-BLU-BLK,VX 110 (05-09),158.95,103.3
HTVX-2TDPSA-DKG-BLK,VX 110 (05-09),158.95,103.3
HTVX-2TDPSA-GRA-BLK,VX 110 (05-09),158.95,103.3
HTVX-2TDPSA-LG-BLK,VX 110 (05-09),158.95,103.3
HTVX-2TDPSA-RED-BLK,VX 110 (05-09),158.95,103.3
HTVX-2TDPSA-WHT,VX 110 (05-09),158.95,103.3
HTVX-2TGPSA-BLK-BLU,VX 110 (05-09),158.95,103.3
HTVX-2TGPSA-BLK-DKGR,VX 110 (05-09),158.95,103.3
HTVX-2TGPSA-BLK-GRA,VX 110 (05-09),158.95,103.3
HTVX-2TGPSA-BLK-LG,VX 110 (05-09),158.95,103.3
HTVX-2TGPSA-BLK-ORAN,VX 110 (05-09),158.95,103.3
HTVX-2TGPSA-BLK-PINK,VX 110 (05-09),158.95,103.3
HTVX-2TGPSA-BLK-RED,VX 110 (05-09),158.95,103.3
HTVX-2TGPSA-BLK-WHT,VX 110 (05-09),158.95,103.3
HTVX-2TGPSA-BLK-YELL,VX 110 (05-09),158.95,103.3
HTVX-2TGPSA-BLU-BLK,VX 110 (05-09),158.95,103.3
HTVX-2TGPSA-DKG-BLK,VX 110 (05-09),158.95,103.3
HTVX-2TGPSA-GRA-BLK,VX 110 (05-09),158.95,103.3
HTVX-2TGPSA-LG-BLK,VX 110 (05-09),158.95,103.3
HTVX-2TGPSA-RED-BLK,VX 110 (05-09),158.95,103.3
HTVXDPSA-BLCA,VX 110 (05-09),131.95,85.75
HTVXDPSA-BLK,VX 110 (05-09),131.95,85.75
HTVXDPSA-BLMA,VX 110 (05-09),131.95,85.75
HTVXDPSA-DBlU,VX 110 (05-09),131.95,85.75
HTVXDPSA-DKGR,VX 110 (05-09),131.95,85.75
HTVXDPSA-Gray,VX 110 (05-09),131.95,85.75
HTVXDPSA-GRCA,VX 110 (05-09),131.95,85.75
HTVXDPSA-LG,VX 110 (05-09),131.95,85.75
HTVXDPSA-LGCA,VX 110 (05-09),131.95,85.75
HTVXDPSA-LTBLU,VX 110 (05-09),131.95,85.75
HTVXDPSA-ORAN,VX 110 (05-09),131.95,85.75
HTVXDPSA-PINK,VX 110 (05-09),131.95,85.75
HTVXDPSA-PLMA,VX 110 (05-09),131.95,85.75
HTVXDPSA-PRPL,VX 110 (05-09),131.95,85.75
HTVXDPSA-RBLU,VX 110 (05-09),131.95,85.75
HTVXDPSA-RDCA,VX 110 (05-09),131.95,85.75
HTVXDPSA-RED,VX 110 (05-09),131.95,85.75
HTVXDPSA-RLMA,VX 110 (05-09),131.95,85.75
HTVXDPSA-SNCA,VX 110 (05-09),131.95,85.75
HTVXDPSA-WHT,VX 110 (05-09),131.95,85.75
HTVXDPSA-Yell,VX 110 (05-09),131.95,85.75
HTVXDPSA-YLCA,VX 110 (05-09),131.95,85.75
HTVXGPSA-BLCA,VX 110 (05-09),131.95,85.75
HTVXGPSA-BLK,VX 110 (05-09),131.95,85.75
HTVXGPSA-BLMA,VX 110 (05-09),131.95,85.75
HTVXGPSA-DBlU,VX 110 (05-09),131.95,85.75
HTVXGPSA-DKGR,VX 110 (05-09),131.95,85.75
HTVXGPSA-Gray,VX 110 (05-09),131.95,85.75
HTVXGPSA-GRCA,VX 110 (05-09),131.95,85.75
HTVXGPSA-LG,VX 110 (05-09),131.95,85.75
HTVXGPSA-LGCA,VX 110 (05-09),131.95,85.75
HTVXGPSA-LTBLU,VX 110 (05-09),131.95,85.75
HTVXGPSA-ORAN,VX 110 (05-09),131.95,85.75
HTVXGPSA-PINK,VX 110 (05-09),131.95,85.75
HTVXGPSA-PLMA,VX 110 (05-09),131.95,85.75
HTVXGPSA-PRPL,VX 110 (05-09),131.95,85.75
HTVXGPSA-RBLU,VX 110 (05-09),131.95,85.75
HTVXGPSA-RDCA,VX 110 (05-09),131.95,85.75
HTVXGPSA-RED,VX 110 (05-09),131.95,85.75
HTVXGPSA-RLMA,VX 110 (05-09),131.95,85.75
HTVXGPSA-SNCA,VX 110 (05-09),131.95,85.75
HTVXGPSA-WHT,VX 110 (05-09),131.95,85.75
HTVXGPSA-Yell,VX 110 (05-09),131.95,85.75
HTVXGPSA-YLCA,VX 110 (05-09),131.95,85.75
HTVX-MDPSA-BLK,VX 110 (05-09),131.95,85.75
HTVX-MDPSA-DKGR,VX 110 (05-09),131.95,85.75
HTVX-MDPSA-Gray,VX 110 (05-09),131.95,85.75
HTVX-MDPSA-LG,VX 110 (05-09),131.95,85.75
HTVX-MDPSA-RBLU,VX 110 (05-09),131.95,85.75
HTVX-MDPSA-RED,VX 110 (05-09),131.95,85.75
HTVX-MDPSA-WHT,VX 110 (05-09),131.95,85.75
KICK01,"Hydro-Turf 1"" Thick Kick Tail",20.25,13.15
KICK02,"Hydro-Turf 2"" Thick Kick Tail",27.65,17.95
KICK03,"Hydro-Turf 2"" Thick Corner Kicks",33.95,22.05
KICK03-PSA,"Hydro-Turf 2"" Thick Corner Kicks W/PSA",39.95,39.95
SEW05,F-12 / F-12X,203.95,132.55
SEW05-A,F-12 / F-12X,203.95,132.55
SEW05-B,F-12 / F-12X,203.95,132.55
SEW06,R-12 / R-12X,161.95,105.25
SEW06-A,R-12 / R-12X,161.95,105.25
SEW06-B,R-12 / R-12X,161.95,105.25
SEW06-C,R-12 / R-12X,161.95,105.25
SEW07,F-15-X (08),214.95,139.7
SEW07-B,F-15 / F-15X,214.95,139.7
SEW20P,JS 300 / 440 / 550 Chinpad,36.5,23.7
SEW20P-A,JS300 / 440 / 550 Chinpad - All Black,36.5,23.7
SEW20P-B,JS300 / 440 / 550 Chinpad - All Gray,36.5,23.7
SEW21,TS,113.9,74
SEW21-A,TS,113.9,74
SEW21-B,TS,113.9,74
SEW40,X2,115.95,75.35
SEW40-A,X2,115.95,75.35
SEW40-B,X2,115.95,75.35
SEW40-C,X2,115.95,75.35
SEW41,X-2  European Model (06-08),72.95,47.4
SEW41-B,X-2 European Model (06-08),72.95,47.4
SEW60,ZXi (95-97)  Seat Cover w/Cowling Cover,144.95,94.2
SEW601,ZXi 1100 (98-03)  Seat Cover W/Cowling Cover,144.95,94.2
SEW601-B,ZXi 1100 (98-03) Seat Cover + Cowling Cover,144.95,94.2
SEW60-B,ZXi (95-97) Seat Cover + Cowling Cover,144.95,94.2
SEW61,Ultra 150 / 130 DI  Seat Cover W/Handlebar Cover,144.95,94.2
SEW61-B,Ultra 150 / 130 DI Seat Cover + Handlebar Cover,144.95,94.2
SEW61-C,Ultra 150 / 130 DI Seat Cover + Handlebar Cover,144.95,94.2
SEW62,Ultra 250LX 07-08 260X 09-13 300X 11-14 310X 14-20,202.95,131.9
SEW621,Ultra 250LX 07-08/260X 09-13/300X 11-14/310X 14-16,209.55,136.2
SEW621-B,Ultra 310R (14-20) & 310X SE (14-19),209.55,136.2
SEW62-B,Ultra 310R / 310X SE (14-16),202.95,131.9
SEW62C,Ultra 260LX 10-12 Ultra LX 250 300 310 11-20,231.95,150.75
SEW62C-B,Ultra 260LX 10-12/Ultra LX/250 LX/300/310 LX 11-16,231.95,150.75
SEW63,ST / STS / 750 STX / 900 STX (Pre 99),128.95,83.8
SEW631,1100STX 97  900STX 99-00 900STS 01-02  Seat/CWL,139.7,90.8
SEW631-B,1100 STX 97/900 STX 99-00/900 STS 01-02 W/Cowling,139.7,90.8
SEW632,1100 STX (98-99),195.6,127.1
SEW632-B,1100 STX (98-99),195.6,127.1
SEW63-A,ST / STS / 750 STX / 900 STX (Pre 99),128.95,83.8
SEW63-B,ST / STS / 750 STX / 900 STX (Pre 99),128.95,83.8
SEW64,1100 STX DI (00-02) / 900 STX (01-02),195.6,127.1
SEW641,STX-12F (06-11) / STX-15F (06-19),203.95,132.55
SEW641-B,STX-12F (06-11) / STX-15F (06-16),203.95,132.55
SEW641-C,STX-12F (06-11) / STX-15F (06-16),203.95,132.55
SEW642,1200 STX-R 02-05 STX 03-05 900 STX 06 STX 12-13,203.95,132.55
SEW642-A,1200 STX-R 02-05 STX 03-05 900 STX 06 STX 12-13,203.95,132.55
SEW642-B,1200 STX-R 02-05 STX 03-05 900 STX 06 STX 12-13,203.95,132.55
SEW643,STX-160LX (20),225.7,146.7
SEW64-B,1100 STX DI (00-02) / 900 STX (01-02),195.6,127.1
SEW64R,1200 STX-R 02-05 STX 03-05 900 STX 06 STX 12-13,209.55,136.2
SEW64R-B,1200 STX-R 02-05 STX 03-05 900 STX 06 STX 12-13,209.55,136.2
SEW65,650 SX Side Covers only (plastics not included),123.55,80.3
SEW65-D,650 SX Side Covers only (no plastic components),123.55,80.3
SEW65K,"650 SX Sides Kit (2 sides, dash, 2 corners)",139.7,90.8
SEW65K-D,"650 SX Sides Kit (2 sides, dash, 2 corners)",139.7,90.8
SEW65P,650 SX Chinpad Cover,48.25,31.35
SEW65P-D,650 SX Chinpad Cover,48.25,31.35
SEW66,750 SS / Xi,123.55,80.3
SEW66-B,750 SS / Xi,123.55,80.3
SEW67,750 SX Sides + Dash cover (plastic not included),123.55,80.3
SEW67-A,750 SX Side Covers only (no plastic components),123.55,80.3
SEW67P,750 SX Chinpad Cover,48.25,31.35
SEW67P-A,"750SX Chin Pad Cover ""Low Profile""",48.25,31.35
SEW68P,800 SX-R Chinpad Cover,48.25,31.35
SEW68P-A,800 SX-R Chinpad Cover,48.25,31.35
SEW70,WaveRunner 500 & 650,112.75,73.25
SEW701,"EX, EX Sport, EX Deluxe (17-20)",177.25,115.2
SEW701-B,"EX, EX Sport, EX Deluxe (17-20)",177.25,115.2
SEW701-C,"EX, EX Sport, EX Deluxe (17-20)",177.25,115.2
SEW70-B,WaveRunner 500 & 650,112.75,73.25
SEW72,SUV,203.95,132.55
SEW72-B,SUV,203.95,132.55
SEW73,WaveRunner III,123.55,80.3
SEW73-A,WaveRunner III,123.55,80.3
SEW73-B,WaveRunner III,123.55,80.3
SEW74,WaveBlaster,134.25,87.25
SEW741,WaveBlaster II,139.7,90.8
SEW741-A,WaveBlaster II,139.7,90.8
SEW741-B,WaveBlaster II,139.7,90.8
SEW742,WaveBlaster 800,139.7,90.8
SEW742-A,WaveBlaster 800,139.7,90.8
SEW742-B,WaveBlaster 800,139.7,90.8
SEW74-B,WaveBlaster,134.25,87.25
SEW751P,SuperJet (96-18) / FX1 Chinpad,48.25,31.35
SEW751P-A,SuperJet (96-20) / FX1 Chinpad,48.25,31.35
SEW751P-B,SuperJet (96-20) / FX1 Chinpad,48.25,31.35
SEW751P-C,SuperJet (96-20) / FX1 Chinpad,48.25,31.35
SEW75P,SuperJet (90-95) Chinpad,48.25,31.35
SEW75P-A,SuperJet (90-95) Chinpad,48.25,31.35
SEW75P-B,SuperJet (90-95) Chinpad,48.25,31.35
SEW75P-C,SuperJet (90-95) Chinpad,48.25,31.35
SEW76,WaveRaider,128.95,83.8
SEW76-B,WaveRaider,128.95,83.8
SEW77,VXR (Pre 2011),128.95,83.8
SEW77-B,VXR (Pre 2011),128.95,83.8
SEW78,WaveVenture (94-96),177.25,115.2
SEW781,WaveVenture (97-98),177.25,115.2
SEW781-B,WaveVenture (97-98),177.25,115.2
SEW782,XL1200 (98) / XL700 & 760 (98-04),203.95,132.55
SEW782-B,XL1200 (98) / XL700 / 760 (98-04),203.95,132.55
SEW784,XL1200 Limited (99-00) / XL800 (00-01),203.95,132.55
SEW784-B,XL1200 Limited (99-00) / XL800 (00-01),203.95,132.55
SEW785,XLT1200 (01-05) / XLT800 (02-04),209.45,136.1
SEW785-B,XLT1200 (01-05) / XLT800 (02-04),209.45,136.1
SEW78-B,WaveVenture (94-96),177.25,115.2
SEW79,GP760 (99-00) / GP800 (98-00) / GP1200R (97-99),177.25,115.2
SEW791,GP800R (01-02) / GP1200R (00-02),171.95,111.75
SEW791-B,GP800R (01-02) / GP1200R (00-02),171.95,111.75
SEW792,GP800R (03-04) / GP1300R (03-08),171.95,111.75
SEW792-B,GP1300R (03-08) / GP800R (03-04),171.95,111.75
SEW79-A,GP760 (99-00) / GP800 (98-00) / GP1200R (97-99),177.25,115.2
SEW79-B,GP760 (99-00) / GP800 (98-00) / GP1200R (97-99),177.25,115.2
SEW79-C,GP760 (99-00) / GP800 (98-00) / GP1200R (97-99),177.25,115.2
SEW80,XP (Pre 93) / SP (Pre 94),112.75,73.25
SEW80-A,XP (Pre 93) / SP (Pre 94),112.75,73.25
SEW80-B,XP (Pre 93) / SP (Pre 94),112.75,73.25
SEW80P,SP / XP (Pre 93) Handlebar Cover,72.95,47.7
SEW81,Spark & Trixx 2-Up (14-20),155.75,101.2
SEW811,Spark & Trixx 3-Up (14-20),177.25,115.2
SEW811-B,Spark + Trixx 3-Up (14-20),177.25,115.2
SEW81-B,Spark & Trixx 2-Up (14-20),155.75,101.2
SEW81T,Spark & Trixx 2-Up Comfort Seat (14-20),155.75,101.2
SEW81T-B,Spark + Trixx 2-Up Comfort Seat (14-20),155.75,101.2
SEW82,GT Family (90-95) / GTS (96-00) / GTI (96),155.75,101.2
SEW82 -B,GT Family (90-95) / GTS (96-00) / GTI (96),155.75,101.2
SEW821,GTX (96-02) / GTI (97-00),203.95,132.55
SEW821-A,GTX (96-99) / GTI (97-00),203.95,132.55
SEW821-B,GTX (96-99) / GTI (97-00),203.95,132.55
SEW821-C,GTX (96-99) / GTI (97-00),203.95,132.55
SEW821P,GTX (96-99) / GTI (97-00) Handlebar Cover,36.5,23.7
SEW822,GTX (00-02),203.95,132.55
SEW822-A,GTX (00-02),203.95,132.55
SEW822-B,GTX (00-02),203.95,132.55
SEW823,GTI (01-05) / GTS (01),203.95,132.55
SEW823-B,GTI (01-05) / GTS (01),203.95,132.55
SEW824,GTI 4-Tec 06-08/GTI/SE 130/155/Wake 155 09-10,213.85,139
SEW824-A,GTI 4-Tec 06-08/GTI 130/155/Wake 155 09-10,213.85,139
SEW824-B,GTI 4-Tec 06-08/GTI 130/155/Wake 155 09-10,213.85,139
SEW824-C,GTI 4-Tec 06-08/GTI 130/155/Wake 155 09-10,213.85,139
SEW82P,GT Family (90-95) Handlebar Cover ***,72.95,47.4
SEW82T,GTI (96) Optional Touring Seat,177.25,115.2
SEW82T-B,GTI (96) Optional Touring Seat,177.25,115.2
SEW83,XP (93-96) / SP Family (94-99),155.75,101.2
SEW831,GS / GSX,155.75,101.2
SEW831-A,GS / GSX,155.75,101.2
SEW831-B,GS / GSX,155.75,101.2
SEW831P,GS / GSX Handlebar Cover,36.5,23.7
SEW832,XP (95) / SPX (99)  ** with hump **,155.75,101.2
SEW832-A,XP (95) / SPX (99) ** with Hump **,155.75,101.2
SEW832-B,XP (95) / SPX (99) ** with Hump **,155.75,101.2
SEW83-A,XP (93-96) / SP Family (94-99),155.75,101.2
SEW83-B,XP (93-96) / SP Family (94-99),155.75,101.2
SEW83-C,XP (93-96) / SP Family (94-99),155.75,101.2
SEW83P,XP 93-96 SP Family 94-98 HandleBar Cover *See Note,72.95,47.4
SEW84,XP (97-04),155.75,101.2
SEW84-B,XP (97-04),155.75,101.2
SEW85,LRV,429.95,279.45
SEW85-B,LRV,429.95,279.45
SEW85-C,LRV,429.95,279.45
SEW86,RX / RXX,171.95,111.75
SEW86-A,"RX, RXX",171.95,111.75
SEW86-B,"RX, RXX",171.95,111.75
SEW87,HX,142.95,92.9
SEW87-B,HX,142.95,92.9
SEW88,GTX Di 02-03 GTX 4-Tec 02-06 RXT 05-09 see note,213.85,139
SEW881,GTX (07-09) / GTX Limited (08) (not iS),225.7,146.7
SEW881-B,GTX (07-09) / GTX Limited (08) (not iS),225.7,146.7
SEW881P,GTX (07-09) / RXP (07-08) Chinpad Cover,48.25,31.35
SEW881P-A,GTX (07-09)/RXP (07-08) (not RXP-X) Chinpad Cover,48.25,31.35
SEW881P-B,GTX (07-09)/RXP (07-08) (not RXP-X) Chinpad Cover,48.25,31.35
SEW882,RXT iS 09-12 RXT-X 260 WakePro 215 10-15 *notes,279.45,181.6
SEW882-B,RXTiS 09-12/RXT 260/Pro 215 10-15/RXT-X aS 12-15,279.45,181.6
SEW883,"GTX LTD iS (09-15) / GTX 155, GTX 215 (10-15)",279.45,181.6
SEW883-A,GTX LTD IS (09-15) / GTX 155 + 215 + Wake (12-15),279.45,181.6
SEW884,"GTS, GTI (11-17) / Wake 155 (12-17)",267.55,173.9
SEW884-B,GTS 130 / GTI 130 (11-16) / Wake 155 (12-16),267.55,173.9
SEW885,GTR 215 12-16  GTI SE/LTD 155 12-19 GTR 230 17-19,279.45,181.6
SEW885-A,GTR 215/GTI SE 130/GTI SE 155/GTI LTD 155 12-16,279.45,181.6
SEW885-B,GTR 215/GTI SE 130/GTI SE 155/GTI LTD 155 12-16,279.45,181.6
SEW886,"RXTX 300, RXT-X aS 260/RXT 260 Wake Pro 215 16-17",279.45,181.6
SEW886-B,"RXT-X 300, RXT-X aS 260, RXT 260, Wake Pro 215 (16-17)",279.45,181.6
SEW887,"GTX LTD 215, 260 & 300 + GTX & GTX-S 155 (16-17)",305.95,198.85
SEW887-B,GTX LTD 215/260/300/GTX/GTX-S 155 16-17,305.95,198.85
SEW888,GTX & GTX Limited (18-20),305.95,198.85
SEW888-A,GTX / GTX Limited (18-20),305.95,198.85
SEW889,GTI SE 130 & 170 / GTI 90 & 130 / GTR 230 (20),299.95,194.95
SEW889-A,GTI SE 130 + 170 / GTI 90 + 130 / GTR 230 (20),299.95,194.95
SEW889-B,GTI SE 130 + 170 / GTI 90 + 130 / GTR 230 (20),299.95,194.95
SEW88-A,GTX Di 02-03 GTX 4-Tec 02-06 RXT 05-09 see note,213.85,139
SEW88-B,GTX Di 02-03 GTX 4-Tec 02-06 RXT 05-09 see note,213.85,139
SEW88P,GTX Di 02-03/4-Tec 02-06 Chin pad Cover See note,36.5,23.7
SEW89,RXP (04-08),177.25,115.2
SEW891,RXP-X (04-11),182.7,118.75
SEW891-B,RXP-X (04-11),182.7,118.75
SEW892,RXP-X 260 12-15 RXP-X 300 16-20 GTR-X 230 17-19,225.7,146.7
SEW892-B,RXP-X 260 12-15/RXP-X 300 16-20/GTR-X 230 17-19,225.7,146.7
SEW893,RXT 230 (19) / Wake Pro 230 & RXT-X 300 (18-20),290.2,188.6
SEW893-A,"RXT 230, RXT-X 300 &amp; Wake Pro 230 (18)",290.2,188.6
SEW89-B,RXP (04-08),177.25,115.2
SEW89P,RXP Supercharged (04) / RXP (04-06) Chinpad Cover,36.5,23.7
SEW90,SL (94-96) / SL 700 & 780 (97),116.95,76
SEW901,SL 900 & 1050 / Pro 785 (97-01),116.95,76
SEW901-B,SL 900 & 1050 / Pro 785 (97-01),116.95,76
SEW90-B,SL (94-96) / SL 700 & 780 (97),116.95,76
SEW91,Hurricane,116.95,76
SEW91-A,Hurricane,116.95,76
SEW92,SLH (98-01) / SLX (99-01) / Pro 1200 (00-01),116.95,76
SEW921,SLH (98-01) / SLX (99-01) / Pro 1200 (00-01),116.95,76
SEW921-B,SLXH (98),116.95,76
SEW92-B,SLXH (98),116.95,76
SEW93,SLT (94-97) / SLTX (96) / SLTH (98-99),116.95,76
SEW931,SLTX (97-99) / X-45,133.95,87.05
SEW931-B,SLTX (97-99) / X-45,133.95,87.05
SEW93-B,SLT (94-97) / SLTX (96) / SLTH (98-99),116.95,76
SEW94,Virage TX / Freedom,198.75,129.15
SEW94-B,Virage TX / Freedom,198.75,129.15
SEW95,Genesis,198.75,129.15
SEW95-B,Genesis,198.75,129.15
SEW97,MSX,144.95,94.2
SEW97-B,MSX,144.95,94.2
SEWFX,FX (02-04) / FX HO (05-11),237.45,154.3
SEWFX1,FX SHO (08-11),268.7,174.65
SEWFX11,FX HO (12-18) / FX SHO (12-16) / FX SVHO (14-18),268.7,174.65
SEWFX11-A,FX HO (12-18) / FX SHO (12-16) / FX SVHO (14-18),268.7,174.65
SEWFX11-B,FX HO (12-18) / FX SHO (12-16) / FX SVHO (14-18),268.7,174.65
SEWFX1-B,FX SHO (08-11),268.7,174.65
SEWFX1C,FX Cruiser SHO (08-09),311.7,202.6
SEWFX1C-A,FX Cruiser SHO (08-09),311.7,202.6
SEWFX1C-B,FX Cruiser SHO (08-09),311.7,202.6
SEWFX1CT,FX Cruiser HO/SHO (10-11),300.95,195.6
SEWFX1CT-A,FX Cruiser SHO (10-11),300.95,195.6
SEWFX1CT-B,FX Cruiser SHO (10-11),300.95,195.6
SEWFX2,FX Cruiser HO (05),311.7,202.6
SEWFX21,FX Cruiser HO/SHO (12-13),311.7,202.6
SEWFX21-B,FX Cruiser HO + SHO (12-13),311.7,202.6
SEWFX22,FX Cruiser HO/SVHO 14-18 FX Cruiser SHO 14-16,311.7,202.6
SEWFX2-A,FX Cruiser HO/SVHO 14-18 FX Cruiser SHO 14-16,311.7,202.6
SEWFX2-B,FX Cruiser HO/SVHO 14-18 FX Cruiser SHO 14-16,311.7,202.6
SEWFX2V,FX Cruiser HO (06-11),311.7,202.6
SEWFX2V-A,FX Cruiser HO (06-11),311.7,202.6
SEWFX2V-B,FX Cruiser HO (06-11),311.7,202.6
SEWFX3,FX HO/SVHO (19-20),311.7,202.6
SEWFX3-A,FX HO/SVHO (19-20),311.7,202.6
SEWFX3-B,FX HO/SVHO (19-20),311.7,202.6
SEWFX3C,FX Cruiser (03-04),311.7,202.6
SEWFX3-C,FX HO/SVHO (19-20),311.7,202.6
SEWFX3C-A,FX Cruiser (03-04),311.7,202.6
SEWFX3C-B,FX Cruiser (03-04),311.7,202.6
SEWFX-B,FX (02-04) / FX HO (05-11),237.45,154.3
SEWFXC,FX Cruiser (03-04),311.7,202.6
SEWFXC-D,FX Cruiser (03-04),311.7,202.6
SEWFZR,FZR (09-11),252.55,164.15
SEWFZR1,FZR (12-16),278.95,181.3
SEWFZR1-B,FZR (12-16),278.95,181.3
SEWFZR-B,FZR (09-11),252.55,164.15
SEWFZS,FZS (09-16),252.45,164.05
SEWFZS-B,FZS (09-16),252.45,164.05
SEWQS01,GIBBS QUADSKI XL,0,0
SEWQS01-B,GIBBS QUADSKI XL (14-16),0,0
SEWQS01-C,GIBBS QUADSKI XL (14-16),0,0
SEWSC,SC (Superchicken),0,0
SEWVX,VX Deluxe Sport (05-09),203.95,132.55
SEWVX1,VXS VX Deluxe Sport (10-14) V1/Sport (15-16),236.45,153.65
SEWVX1-B,VXS VX Deluxe Sport (10-14) V1/Sport (15-16),236.45,153.65
SEWVX2,VXS (15-16) /VX/VX Deluxe (15-20),268.7,174.65
SEWVX2-A,VXS (15-16) /VX/VX Deluxe (15-20),268.7,174.65
SEWVX2-B,VXS (15-16) /VX/VX Deluxe (15-20),268.7,174.65
SEWVX-A,VX Deluxe Sport (05-09),203.95,132.55
SEWVX-B,VX Deluxe Sport (05-09),203.95,132.55
SEWVXC,VX Cruiser (06-09),305.95,198.85
SEWVXC1,VX Cruiser (10-14),305.95,198.85
SEWVXC1-B,VX Cruiser (10-14),305.95,198.85
SEWVXC2,VX Cruiser (15-20) / VX Limited (16-20),305.95,198.85
SEWVXC2-A,VX Cruiser (15-20) / VX Limited (16-20),305.95,198.85
SEWVXC2-B,VX Cruiser (15-20) / VX Limited (16-20),305.95,198.85
SEWVXC-A,VX Cruiser (06-09),305.95,198.85
SEWVXC-B,VX Cruiser (06-09),305.95,198.85
SEWVXR,VXR (11-14),225.7,146.7
SEWVXR1,VXR (15-19) / GP1800 (17-20),284.95,185.2
SEWVXR1-A,VXR (15-19) / GP1800 (17-20),284.95,185.2
SEWVXR1-B,VXR (15-19) / GP1800 (17-20),284.95,185.2
SEWVXR-B,VXR (11-14),225.7,146.7